2390
8
1
2007-01-02	14.05	14.45	14.05	14.45	3090
2007-01-03	14.44	14.44	14	14.1	121605
2007-01-04	14.12	14.24	14	14.05	128045
2007-01-05	14	14	13.8	13.98	11000
2007-01-08	14.07	14.07	13.53	13.53	19800
2007-01-09	13.45	13.45	12.91	13.06	11185
2007-01-10	13.07	14	13.07	13.73	52550
2007-01-11	13.74	13.82	13.59	13.69	7300
2007-01-12	13.95	13.95	13.7	13.93	12745
2007-01-15	14.1	14.1	14	14	2050
2007-01-16	14.1	14.1	13.86	13.86	17100
2007-01-17	13.8	13.88	13.7	13.8	3580
2007-01-18	13.66	13.66	13.09	13.15	8258
2007-01-19	13.18	13.86	13.18	13.5	37800
2007-01-22	13.5	13.85	13.4	13.75	9735
2007-01-23	13.85	13.85	13.6	13.78	9240
2007-01-24	13.83	13.83	13.47	13.69	2390
2007-01-25	13.69	13.69	13.69	13.69	3800
2007-01-26	13.85	13.9	13.78	13.9	14570
2007-01-29	14.11	14.11	13.71	13.71	9550
2007-01-30	13.71	13.84	13.64	13.84	3080
2007-01-31	13.8	13.85	13.8	13.85	13140
2007-02-01	13.93	13.93	13.7	13.86	21675
2007-02-02	13.7	13.99	13.68	13.95	25525
2007-02-05	13.77	14.1	13.66	14.1	49300
2007-02-06	14.1	14.45	14.1	14.28	80770
2007-02-07	14.45	14.6	14.39	14.5	69795
2007-02-08	14.5	15.24	14.5	15	107645
2007-02-09	14.99	15.72	14.99	15.71	66840
2007-02-12	15.98	15.98	15.56	15.7	15675
2007-02-13	15.7	15.87	14.16	14.85	40996
2007-02-14	15	15.14	14.95	15.06	4280
2007-02-15	15.2	17.09	15.2	16.8	210223
2007-02-16	16.8	17.8	16.5	17.79	103792
2007-02-19	17.84	18.16	17.5	18.12	52599
2007-02-20	18.95	19	18.47	18.94	87545
2007-02-21	19	19	18.51	19	48984
2007-02-22	19.29	19.75	19	19.6	89091
2007-02-23	19	19	18.51	19	48984
2007-02-26	19.5	19.5	18.54	18.56	101312
2007-02-27	18.61	18.61	18	18.29	85540
2007-02-28	18.64	18.64	17.91	18.47	137000
2007-03-01	18.6	18.88	18	18.5	57200
2007-03-02	18.77	18.85	18.52	18.57	43386
2007-03-05	18.54	18.54	17.6	17.6	45322
2007-03-06	17.59	18.55	17.59	18.48	23627
2007-03-07	18.56	18.69	18.35	18.64	24465
2007-03-08	18.62	18.62	18	18.45	73660
2007-03-09	18.52	18.93	18.52	18.53	15825
2007-03-12	18.7	19.23	18.7	18.94	27510
2007-03-13	19	19.17	18.8	18.93	104795
2007-03-14	18.99	18.99	18.26	18.74	43010
2007-03-15	18.74	18.83	18.55	18.55	10688
2007-03-16	18.01	18.48	18.01	18.3	15875
2007-03-19	18.55	18.56	18.32	18.37	3910
2007-03-20	18.06	18.6	18.06	18.5	41213
2007-03-21	18.25	18.35	18.12	18.12	12260
2007-03-22	18.13	18.31	18.01	18.11	25170
2007-03-23	18.15	18.2	17.91	18	12085
2007-03-26	17.61	18.09	17.6	17.9	33135
2007-03-27	17.85	18.4	17.85	18.23	30194
2007-03-28	18	18.48	18	18.3	163868
2007-03-29	18.3	18.4	18.21	18.21	16605
2007-03-30	18.25	18.48	18.01	18.48	9910
2007-04-02	18.3	18.3	18.1	18.1	6130
2007-04-03	18.2	18.2	18.1	18.13	10060
2007-04-04	18.13	18.21	17.8	18	71225
2007-04-05	18.13	18.21	17.8	18	0
2007-04-09	18.1	18.2	18.1	18.15	9575
2007-04-10	18.19	18.19	18.01	18.1	3530
2007-04-11	18.18	18.24	18	18	65368
2007-04-12	18.36	18.36	18	18	61615
2007-04-13	18.15	18.15	17.95	17.97	102656
2007-04-16	17.95	17.95	17.7	17.73	28245
2007-04-17	17.74	17.89	17.71	17.85	7170
2007-04-18	17.85	18.08	17.85	18.08	126300
2007-04-19	18.11	18.36	18.06	18.35	36603
2007-04-20	18.35	18.65	18.3	18.6	31803
2007-04-23	18.77	18.78	18.65	18.69	16451
2007-04-24	18.6	18.64	18.51	18.58	9115
2007-04-25	18.57	18.58	18.45	18.5	41880
2007-04-26	18.48	18.48	18.16	18.25	4850
2007-04-27	18.2	18.39	18.2	18.36	3090
2007-04-30	18.5	18.5	18.38	18.4	22095
2007-05-01	18.4	18.5	18.33	18.33	28882
2007-05-02	18.3	18.5	18.3	18.44	17385
2007-05-03	18.5	18.5	18.35	18.4	16440
2007-05-04	18.26	18.48	18.23	18.42	14080
2007-05-07	18.39	18.39	18.27	18.39	8967
2007-05-08	18.39	18.43	18.28	18.35	11302
2007-05-09	18.35	18.48	18.35	18.48	5239
2007-05-10	18.44	18.44	18.3	18.39	3998
2007-05-11	18.36	18.43	18.22	18.43	20252
2007-05-14	18.47	18.47	18.25	18.45	9351
2007-05-15	18.48	18.5	18.32	18.4	20749
2007-05-16	18.26	18.47	18.25	18.47	11230
2007-05-17	18.4	18.5	18.36	18.5	27025
2007-05-18	18.5	18.5	18.28	18.5	23150
2007-05-22	18.3	18.5	18.3	18.4	5405
2007-05-23	18.32	18.44	18.11	18.15	40133
2007-05-24	18.15	18.15	17.88	17.95	14860
2007-05-25	18	18.05	17.8	18.05	6200
2007-05-28	18	18.04	17.95	18	2100
2007-05-29	18.06	18.2	17.91	18.05	7520
2007-05-30	17.9	18.04	17.9	17.9	1765
2007-05-31	17.85	17.99	17.26	17.5	25940
2007-06-01	17.65	17.69	17.5	17.69	4754
2007-06-04	17.5	17.76	17.43	17.76	8475
2007-06-05	17.8	17.8	17.54	17.76	5247
2007-06-06	17.76	17.77	17.45	17.75	16220
2007-06-07	17.76	17.76	17.45	17.74	9500
2007-06-08	17.74	17.78	17.51	17.61	8710
2007-06-11	17.69	17.84	17.65	17.84	12960
2007-06-12	17.66	17.83	17.65	17.69	6800
2007-06-13	17.65	17.7	17.65	17.65	18030
2007-06-14	17.8	17.83	17.71	17.83	9310
2007-06-15	17.84	17.89	17.73	17.89	106760
2007-06-18	17.89	17.95	17.82	17.95	12509
2007-06-19	17.99	17.99	17.69	17.69	9200
2007-06-20	17.66	17.8	17.6	17.75	5850
2007-06-21	17.74	17.74	17.68	17.68	3165
2007-06-22	17.65	17.88	17.65	17.69	4246
2007-06-25	17.75	17.75	17.51	17.69	3080
2007-06-26	17.49	17.59	17.31	17.54	5847
2007-06-27	17.49	17.5	17.3	17.5	15950
2007-06-28	17.49	17.49	17.49	17.49	3900
2007-06-29	17.49	17.55	17.3	17.55	8680
2007-07-03	17.6	17.6	17.36	17.5	3220
2007-07-04	17.49	17.5	16.65	17.2	12280
2007-07-05	17.49	17.5	17.02	17.48	4361
2007-07-06	17.5	17.5	17.02	17.02	1300
2007-07-09	17.43	17.45	17.14	17.45	4200
2007-07-10	17.26	17.26	17.25	17.25	200
2007-07-11	17.26	17.26	17.25	17.25	300
2007-07-12	17.48	17.48	17.25	17.28	20831
2007-07-13	17.44	17.45	17.3	17.4	2393
2007-07-16	17.25	17.45	17.25	17.26	8395
2007-07-17	17.45	17.45	17.23	17.23	7185
2007-07-18	17.12	17.48	17.1	17.23	3105
2007-07-19	17.15	17.46	17.13	17.45	1740
2007-07-20	17.5	17.65	17.31	17.65	722974
2007-07-23	17.77	18.3	17.77	17.8	34492
2007-07-24	17.9	17.9	17.66	17.82	9075
2007-07-25	17.98	17.98	17.55	17.66	1890
2007-07-26	17.66	17.66	17.1	17.1	21270
2007-07-27	17	17.15	17	17	41525
2007-07-30	17.05	17.15	17	17.05	16882
2007-07-31	17.1	17.2	17.1	17.12	27020
2007-08-01	17.05	17.05	16.62	16.63	8460
2007-08-02	16.85	17.04	16.65	16.65	23980
2007-08-03	16.71	16.75	16.62	16.75	17850
2007-08-07	17.35	17.35	16.8	16.95	42960
2007-08-08	16.9	17	16.61	16.75	28030
2007-08-09	16.94	17.03	16.55	16.7	27600
2007-08-10	16.55	16.68	15.18	16.33	42052
2007-08-13	16.41	16.98	16	16	54348
2007-08-14	15.98	15.98	15.1	15.79	30707
2007-08-15	15.02	15.24	15.02	15.07	5510
2007-08-16	15.04	15.18	14.5	15	29783
2007-08-17	15.25	15.8	15.25	15.8	5288
2007-08-20	15.55	15.8	15.43	15.72	4685
2007-08-21	15.55	15.89	15.5	15.89	14450
2007-08-22	15.89	15.9	15.71	15.9	22047
2007-08-23	15.89	16.01	15.83	15.9	63090
2007-08-24	15.91	15.91	15.77	15.77	2750
2007-08-27	15.9	15.9	15.55	15.6	49400
2007-08-28	15.55	15.94	15.55	15.94	6160
2007-08-29	15.7	15.98	15.7	15.9	13550
2007-08-30	15.9	16	15.9	16	1300
2007-08-31	16	16.54	16	16.4	7480
2007-09-04	16.1	16.5	16.1	16.5	21962
2007-09-05	16.25	17.45	16.25	17.45	25595
2007-09-06	17.39	17.39	17.06	17.17	116865
2007-09-07	17.15	17.18	16.75	16.75	42935
2007-09-10	16.74	16.74	16.45	16.5	4430
2007-09-11	16.49	16.79	16.35	16.76	123761
2007-09-12	16.9	17.02	16.61	17.02	8015
2007-09-13	17	17.17	17	17.17	1300
2007-09-14	17	17	16.88	16.88	2320
2007-09-17	17.1	17.2	16.8	16.85	11429
2007-09-18	16.8	16.81	16.7	16.7	6905
2007-09-19	16.71	17.03	16.71	16.71	12164
2007-09-20	16.75	16.85	16.5	16.55	13300
2007-09-21	16.6	16.6	16.5	16.6	13610
2007-09-24	16.5	16.5	16.25	16.25	60104
2007-09-25	16.25	16.4	16.15	16.25	59745
2007-09-26	16.25	16.5	16.2	16.27	6050
2007-09-27	16.32	16.58	16.2	16.26	15123
2007-09-28	16.2	16.35	16.1	16.1	3800
2007-10-01	16.06	16.25	16	16	60790
2007-10-02	16	16.06	16	16	80035
2007-10-03	15.87	16	15.87	16	26510
2007-10-04	15.99	16	15.75	15.99	10150
2007-10-05	15.74	16.05	15.74	16	143705
2007-10-09	15.99	16.04	15.95	16.04	63650
2007-10-10	16.19	16.19	15.91	16	13445
2007-10-11	16.01	16.38	16	16.24	59560
2007-10-12	16.38	16.38	16.38	16.38	725
2007-10-15	16.25	16.39	16.05	16.39	18125
2007-10-16	16.37	16.37	16	16.22	5050
2007-10-17	16.24	16.24	16.12	16.2	224250
2007-10-18	16.24	16.24	16.05	16.19	1845
2007-10-19	16	16.84	16	16.82	16145
2007-10-22	16.82	16.85	16.79	16.79	15750
2007-10-23	16.21	16.21	16.21	16.21	200
2007-10-24	16.1	16.1	16.05	16.06	2600
2007-10-25	16.06	16.06	16	16.05	7510
2007-10-26	16	16	15.5	15.95	65450
2007-10-29	15.42	15.98	15.42	15.98	6380
2007-10-30	15.94	15.94	15.01	15.5	27440
2007-10-31	15.98	15.98	15.5	15.95	26000
2007-11-01	15.6	15.6	15.54	15.57	9300
2007-11-02	15.5	15.55	15.5	15.55	5075
2007-11-05	15.5	15.54	15.5	15.54	18650
2007-11-06	15.5	15.55	15.5	15.5	245205
2007-11-07	15.5	15.89	15.5	15.88	26704
2007-11-08	15.5	15.64	15.5	15.57	11689
2007-11-09	15.7	15.98	15.7	15.98	1800
2007-11-12	15.75	15.81	15.75	15.81	1295
2007-11-13	15.77	16.25	15.77	16.11	5765
2007-11-14	16.3	16.5	16.08	16.23	24255
2007-11-15	16.21	16.51	16.21	16.5	6115
2007-11-16	16.35	16.35	15.71	15.91	13720
2007-11-19	15.82	16.14	15.82	16.14	1150
2007-11-20	16.24	16.24	15.5	15.6	15267
2007-11-21	15.5	15.5	14.53	15	56570
2007-11-22	14.9	15	14.89	14.99	17960
2007-11-23	14.75	15.98	14.75	15.97	4890
2007-11-26	15.8	15.8	15.3	15.3	5725
2007-11-27	16.49	16.49	15.6	15.74	4892
2007-11-28	15.74	15.75	15.6	15.75	27257
2007-11-29	16.44	16.44	16.25	16.25	400
2007-11-30	16.1	16.11	16.02	16.02	1300
2007-12-03	15.61	15.98	15.51	15.56	5500
2007-12-04	15.56	15.56	15.06	15.31	28411
2007-12-05	15.18	15.3	14.96	15.01	57155
2007-12-06	15.3	15.95	15.17	15.95	14428
2007-12-07	15.73	15.73	15.45	15.59	3130
2007-12-10	15.48	15.77	15.48	15.62	20340
2007-12-11	15.65	15.79	15.62	15.79	3700
2007-12-12	15.63	15.73	15.6	15.6	10600
2007-12-13	15.66	15.69	15.66	15.69	650
2007-12-14	16	16.12	16	16.1	154863
2007-12-17	16.18	16.2	16	16	22273
2007-12-18	16.1	16.1	15.98	16	3700
2007-12-19	16.09	16.1	15.85	16.08	6170
2007-12-20	15.81	15.85	15.48	15.68	4083
2007-12-21	15.68	16	15.68	16	58900
2007-12-24	16	16	15.95	15.98	650
2007-12-27	15.53	15.55	15.53	15.55	5130
2007-12-28	15.55	15.65	15.55	15.65	2700
2007-12-31	15.65	15.94	15.55	15.9	12900
2008-01-02	15.9	15.95	15.9	15.95	40200
2008-01-03	16	16	15.55	15.7	5475
2008-01-04	15.6	15.75	15.6	15.75	3331
2008-01-07	15.5	15.6	15.5	15.6	4195
2008-01-08	15.74	15.74	15.46	15.5	14811
2008-01-09	15.4	15.4	15.03	15.29	9770
2008-01-10	15.05	15.49	15.05	15.4	34200
2008-01-11	15.68	15.68	15.36	15.52	750
2008-01-14	15.5	15.5	15.35	15.41	750
2008-01-15	15.49	15.49	15.31	15.34	14150
2008-01-16	15.49	15.49	15.23	15.23	2500
2008-01-17	15.27	15.27	15	15.05	7926
2008-01-18	14.89	14.89	14.8	14.8	1025
2008-01-21	11.5	13.68	11.5	13.5	40300
2008-01-22	13.39	13.74	12.95	13.4	24225
2008-01-23	13.1	13.4	13.1	13.4	51600
2008-01-24	13.73	13.73	13.5	13.73	1500
2008-01-25	13.74	13.75	13.6	13.62	23660
2008-01-28	13.15	13.39	13.15	13.2	30900
2008-01-29	13.25	13.25	12.8	12.96	5195
2008-01-30	12.99	13	12.5	12.98	249540
2008-01-31	13	13	12.7	12.71	51175
2008-02-01	12.54	12.65	12.5	12.55	22405
2008-02-04	12.52	12.55	12.48	12.55	19150
2008-02-05	12.25	12.3	12.25	12.26	3720
2008-02-06	12.25	12.5	12.25	12.5	1600
2008-02-07	12.5	12.55	12.31	12.31	2040
2008-02-08	12.33	12.35	12.33	12.34	520
2008-02-11	12.49	12.7	12.48	12.6	27065
2008-02-12	12.6	13.19	12.6	13.19	12300
2008-02-13	13.19	13.5	13.19	13.5	9050
2008-02-14	13.5	13.89	13.15	13.89	7175
2008-02-15	13.21	13.99	13.21	13.99	2500
2008-02-19	13.9	13.9	13.3	13.31	6690
2008-02-20	13.26	13.26	13.05	13.11	48689
2008-02-21	13.05	13.05	12.8	12.94	397400
2008-02-22	12.94	12.96	12.85	12.96	2375
2008-02-25	13	13.24	13	13.1	5365
2008-02-26	13.12	13.5	13.12	13.49	4770
2008-02-27	13.57	13.91	13.55	13.91	4620
2008-02-28	13.99	14.09	13.9	14.09	5980
2008-02-29	13.95	13.95	13.66	13.66	31030
2008-03-03	13.55	13.6	13.4	13.55	100100
2008-03-04	13.5	13.54	13.4	13.4	4780
2008-03-05	13.49	13.56	13.49	13.56	8386
2008-03-06	13.73	13.73	13.26	13.5	39281
2008-03-07	13.4	13.56	13.4	13.5	2200
2008-03-10	13.3	13.3	13.3	13.3	580
2008-03-11	13.32	13.4	13.32	13.4	7152
2008-03-12	13.4	13.44	13.4	13.44	13700
2008-03-13	13.33	13.4	13.33	13.4	4300
2008-03-14	13.4	13.4	13.4	13.4	15400
2008-03-17	13.25	13.32	13.25	13.25	16330
2008-03-18	13.2	13.26	13.2	13.25	1800
2008-03-19	13.25	13.25	13.2	13.24	4200
2008-03-20	13.25	13.25	13.2	13.24	0
2008-03-24	13.37	13.37	13.21	13.24	7900
2008-03-25	13.28	13.28	13.25	13.26	12000
2008-03-26	13.27	13.3	13.27	13.3	750
2008-03-27	13.5	13.74	13.4	13.74	3450
2008-03-28	13.7	13.71	13.7	13.71	2400
2008-03-31	13.8	13.8	13.8	13.8	150
2008-04-01	13.99	14	13.82	13.94	5420
2008-04-02	13.99	13.99	13.85	13.85	1565
2008-04-03	13.68	14.46	13.68	13.84	11700
2008-04-04	13.83	13.95	13.75	13.95	1300
2008-04-07	14.24	14.24	13.67	13.7	3380
2008-04-08	13.7	13.75	13.7	13.74	2340
2008-04-09	13.75	13.75	13.5	13.65	3700
2008-04-10	13.52	13.79	13.52	13.79	400
2008-04-11	13.75	13.75	13.52	13.61	1500
2008-04-14	13.8	13.8	13.5	13.5	10500
2008-04-15	14.35	14.35	13.32	13.99	1235
2008-04-16	13.42	13.49	13.42	13.48	38700
2008-04-17	13.48	13.48	13.48	13.48	500
2008-04-18	13.48	13.59	13.4	13.42	9080
2008-04-21	13.69	13.69	13.69	13.69	200
2008-04-22	13.72	13.72	13.53	13.54	6100
2008-04-23	13.55	13.55	13.3	13.4	4985
2008-04-24	13.55	13.55	13.3	13.4	80
2008-04-25	13.5	13.5	13.5	13.5	500
2008-04-28	14	14	13.63	13.63	2000
2008-04-29	13.94	13.94	13.41	13.43	1020
2008-04-30	13.89	13.89	13.46	13.46	400
2008-05-01	13.48	13.81	13.46	13.47	4885
2008-05-02	13.53	13.53	13.35	13.35	880
2008-05-05	13.35	13.93	13.15	13.15	11375
2008-05-06	13.25	13.34	13.15	13.34	112478
2008-05-07	13.01	13.23	13.01	13.1	5850
2008-05-08	13.1	13.1	13	13	195700
2008-05-09	13.1	13.1	13	13	0
2008-05-12	13.01	13.01	13	13	1655
2008-05-13	13.01	13.15	13.01	13.15	3680
2008-05-14	13.04	13.96	13.04	13.85	17105
2008-05-15	13.89	13.9	13.5	13.75	11800
2008-05-16	13.52	14.38	13.52	14.3	11460
2008-05-20	14.3	14.76	14.3	14.75	6850
2008-05-21	14.25	14.31	14.25	14.25	2900
2008-05-22	13.77	14.2	13.77	14.16	1400
2008-05-23	14.17	14.18	14.17	14.18	1200
2008-05-26	14.25	14.48	14.25	14.44	700
2008-05-27	14.44	14.97	14.44	14.68	30700
2008-05-28	14.99	14.99	14.6	14.64	26100
2008-05-29	14.65	15.13	14.65	14.73	21480
2008-05-30	15	15.46	14.97	15	40000
2008-06-02	15.2	15.2	14.81	14.81	3200
2008-06-03	14.67	14.67	14.66	14.67	900
2008-06-04	14.75	14.85	14.4	14.85	4400
2008-06-05	14.27	14.66	14.27	14.65	3375
2008-06-06	14.73	14.74	14.73	14.74	1700
2008-06-09	14.59	14.59	14.3	14.32	4750
2008-06-10	14.27	14.57	14.24	14.57	5636
2008-06-11	14.47	14.47	14.15	14.45	1323
2008-06-12	14.27	14.27	14.17	14.17	1040
2008-06-13	14.25	14.59	14.25	14.25	198800
2008-06-16	14.59	14.59	14.45	14.45	900
2008-06-17	14.59	14.6	14.45	14.6	3680
2008-06-18	14.6	14.6	14.21	14.21	200
2008-06-19	14.22	14.22	14.2	14.2	4000
2008-06-20	14.22	14.22	14.2	14.2	0
2008-06-23	14.15	14.2	14.05	14.2	1362
2008-06-24	14.2	14.2	14	14	76862
2008-06-25	14	14	14	14	38500
2008-06-26	13.76	14.08	13.75	13.78	6579
2008-06-27	13.56	14.21	13.5	13.91	13360
2008-06-30	13.65	13.71	13.65	13.71	1506
2008-07-02	13.43	13.77	13.43	13.5	1700
2008-07-03	13.5	13.5	13.5	13.5	400
2008-07-04	13.5	13.51	13.5	13.51	436
2008-07-07	13.5	13.5	13.4	13.4	21100
2008-07-08	13.27	13.5	13.27	13.4	12495
2008-07-09	13.3	13.3	13.3	13.3	16600
2008-07-10	13.27	13.27	13.03	13.03	35700
2008-07-11	12.46	12.61	12.46	12.6	5460
2008-07-14	12.59	12.6	12.12	12.12	3900
2008-07-15	12.01	12.11	12	12.11	4885
2008-07-16	12.1	12.1	12.1	12.1	2000
2008-07-17	12.45	12.5	12.3	12.45	157760
2008-07-18	12.74	12.75	12.74	12.74	900
2008-07-21	12.5	12.74	12.5	12.74	23500
2008-07-22	12.75	13.24	12.75	13.24	550
2008-07-23	12.61	13.29	12.61	12.85	21804
2008-07-24	12.56	13.74	12.56	13.54	207320
2008-07-25	13.75	13.75	13.5	13.74	15500
2008-07-28	13.5	13.5	13.5	13.5	5000
2008-07-29	13.5	13.5	13.5	13.5	79500
2008-07-30	13.5	13.5	13.5	13.5	16050
2008-07-31	13.5	13.5	13.25	13.44	15600
2008-08-01	13.5	13.5	13.25	13.44	0
2008-08-05	13.44	13.5	13.03	13.05	4931
2008-08-06	13.05	13.05	12.5	12.78	7816
2008-08-07	12.78	12.78	12.78	12.78	130
2008-08-08	12.68	12.95	12.68	12.95	1152
2008-08-11	12.95	12.95	12.66	12.95	41840
2008-08-12	12.65	12.65	12.52	12.55	6490
2008-08-13	12.55	12.55	12.55	12.55	2099
2008-08-14	12.5	12.5	12.1	12.1	10050
2008-08-15	12.34	12.34	12.15	12.15	1050
2008-08-18	12.15	12.35	12.15	12.16	1800
2008-08-19	12.17	12.17	12.17	12.17	43319
2008-08-20	12.1	12.74	12.1	12.74	9220
2008-08-21	12.56	13.23	12.56	13.23	600
2008-08-22	12.46	12.46	12.46	12.46	180
2008-08-25	12.33	12.46	12.33	12.45	487
2008-08-26	12.36	13.29	12.35	13.29	874
2008-08-27	12.46	12.46	12.45	12.45	1981
2008-08-28	12.31	12.64	12.31	12.64	938
2008-08-29	12.36	12.36	12.31	12.31	2775
2008-09-02	12.26	12.45	12.26	12.35	315442
2008-09-03	12.25	12.3	12.25	12.25	5570
2008-09-04	12.25	12.45	12.25	12.38	120036
2008-09-05	12.38	12.38	12.25	12.25	6333
2008-09-08	12.04	12.04	12.04	12.04	3262
2008-09-09	12	12	11.5	11.8	10628
2008-09-10	11.8	11.8	11.11	11.7	26326
2008-09-11	11.54	11.55	11.54	11.55	1837
2008-09-12	11.51	11.7	11.51	11.7	4077
2008-09-15	12.15	12.15	11.53	11.75	6418
2008-09-16	12.7	12.7	11.6	11.89	30541
2008-09-17	11.67	11.89	11.66	11.7	5465
2008-09-18	11.7	11.95	11.23	11.5	10381
2008-09-19	11.5	11.87	11.5	11.83	5390
2008-09-22	11.95	12	11.7	11.91	155314
2008-09-23	11.91	12.22	11.75	12	103144
2008-09-24	12	12.19	11.92	12.07	10307
2008-09-25	12	12.24	12	12	6790
2008-09-26	11.91	12	11.91	12	31784
2008-09-29	12	12.05	12	12	50646
2008-09-30	12	12.15	12	12.05	8340
2008-10-01	11.85	12.01	11.85	12	1173
2008-10-02	12	12	11.68	11.68	60366
2008-10-03	11.2	11.25	11.2	11.25	319
2008-10-06	10.89	10.89	10	10	6769
2008-10-07	10	8.26	10	8.26	8739
2008-10-08	7.95	8.2	7.18	8	69014
2008-10-09	8.25	8.25	7.31	7.5	16322
2008-10-10	7.74	7.75	7.18	7.75	15431
2008-10-14	8.44	8.48	8.3	8.3	12760
2008-10-15	8	8.26	8	8.26	608
2008-10-16	7.9	7.9	5.61	6.87	9820
2008-10-17	6.99	7.75	6.99	7.09	7300
2008-10-20	6.96	7.15	6.66	7.1	3389
2008-10-21	7.17	7.7	7.16	7.7	9977
2008-10-22	7.51	7.52	7.5	7.5	53824
2008-10-23	7.26	7.49	6.99	7.04	6245
2008-10-24	6.06	6.49	5.83	6	7600
2008-10-27	5.95	5.95	5.38	5.5	6992
2008-10-28	5.29	5.4	4.69	5.4	146895
2008-10-29	5.17	5.66	5.17	5.46	11245
2008-10-30	5.54	6.1	5.54	6.1	7500
2008-10-31	6.1	7.84	6.1	7.5	4785
2008-11-03	8.65	8.65	7.6	8.2	1900
2008-11-04	8.25	8.35	7.84	7.85	5800
2008-11-05	7.82	7.82	7.82	7.82	600
2008-11-06	8.07	8.07	7.7	7.7	2960
2008-11-07	7.6	8.24	7.6	8.14	3500
2008-11-10	8.39	8.39	7.6	7.6	98000
2008-11-11	7.4	7.4	7.4	7.4	400
2008-11-12	6.78	6.86	6.37	6.86	13700
2008-11-13	6.99	6.99	6.34	6.34	7955
2008-11-14	6.69	6.69	6.25	6.25	14591
2008-11-17	6.38	6.43	6.38	6.43	2105
2008-11-18	6	6.01	5.99	5.99	1005
2008-11-19	5.8	5.8	5.59	5.6	198700
2008-11-20	5.45	5.45	5.26	5.26	10400
2008-11-21	5.27	5.45	4.73	4.82	16350
2008-11-24	4.55	5.19	4.24	4.51	262185
2008-11-25	4.6	4.91	4.25	4.25	12760
2008-11-26	4.05	4.3	4.04	4.24	12900
2008-11-27	4.2	4.2	4.05	4.1	29930
2008-11-28	4.01	4.29	3.8	4.29	30300
2008-12-01	4.27	4.3	3.95	4.06	25758
2008-12-02	4.15	4.39	4.15	4.39	33075
2008-12-03	4.4	4.8	4.4	4.78	22500
2008-12-04	4.83	4.93	4.83	4.93	600
2008-12-05	5	5	4.56	4.56	8770
2008-12-08	4.9	4.9	4.55	4.81	12439
2008-12-09	4.57	4.99	4.51	4.8	18090
2008-12-10	5.8	6.25	5.8	6.05	22670
2008-12-11	5.87	5.87	5.8	5.8	7550
2008-12-12	5.87	5.87	5.83	5.83	6470
2008-12-15	5.75	5.95	5.57	5.83	2835
2008-12-16	5.81	5.81	5.8	5.8	1200
2008-12-17	5.8	5.8	5.8	5.8	100
2008-12-18	5.8	6	5.8	5.8	7750
2008-12-19	5.82	5.85	5.81	5.85	6335
2008-12-22	5.81	6.01	5.81	6.01	2850
2008-12-23	5.9	5.9	5.9	5.9	810
2008-12-24	5.95	5.96	5.95	5.95	1100
2008-12-29	6.05	6.05	6.05	6.05	1004
2008-12-30	6.05	6.05	6.05	6.05	0
2008-12-31	6.09	6.11	6.05	6.1	41500
2009-01-02	5.96	6.17	5.96	6.17	2800
2009-01-05	5.96	6	5.87	5.87	4700
2009-01-06	6.09	6.09	5.91	6	8600
2009-01-07	5.97	6	5.96	6	2600
2009-01-08	5.91	5.99	5.91	5.99	1985
2009-01-09	6	6	5.95	6	258450
2009-01-12	6	6	5.95	6	0
2009-01-13	6	6	6	6	1000
2009-01-14	5.97	6	5.97	6	1750
2009-01-15	6	6	6	6	1500
2009-01-16	6.06	6.06	6.05	6.05	2500
2009-01-19	6.06	6.06	6.05	6.05	0
2009-01-20	5.96	5.96	5.96	5.96	2060
2009-01-21	5.99	6.25	5.95	6.25	5000
2009-01-22	6.49	6.93	6.49	6.66	4917
2009-01-23	6.6	6.61	6.31	6.31	1105
2009-01-26	6.74	6.74	6.26	6.26	2720
2009-01-27	6.26	6.26	6	6.05	10645
2009-01-28	6.05	6.1	6.04	6.1	10760
2009-01-29	5.98	6.05	5.97	5.97	3100
2009-01-30	5.98	6.05	5.97	5.99	2200
2009-02-02	6.05	6.05	5.24	5.24	9040
2009-02-03	5.45	6.03	5.45	5.75	2600
2009-02-04	5.5	5.84	5.46	5.51	2150
2009-02-05	5.55	5.84	5.55	5.55	6600
2009-02-06	5.5	5.5	5.33	5.49	8900
2009-02-09	5.45	5.6	5.45	5.5	5635
2009-02-10	5.99	5.99	5.6	5.6	1800
2009-02-11	5.51	5.51	5.51	5.51	2425
2009-02-12	5.5	5.5	5.5	5.5	500
2009-02-13	5.66	5.66	5.59	5.6	5560
2009-02-17	5.75	5.75	5.73	5.73	4900
2009-02-18	5.7	5.7	5.61	5.61	700
2009-02-19	5.7	5.7	5.61	5.61	83
2009-02-20	5.6	5.6	5.51	5.51	11900
2009-02-23	5.51	5.51	5.02	5.05	4100
2009-02-24	5.07	5.25	5.07	5.14	15900
2009-02-25	5.21	5.3	5.1	5.1	33500
2009-02-26	5.72	5.72	5.19	5.25	2800
2009-02-27	5.49	5.49	5.4	5.49	7235
2009-03-02	5.24	5.25	5.24	5.25	1000
2009-03-03	5.29	5.3	5.29	5.3	3100
2009-03-04	5.22	5.25	5.22	5.25	500
2009-03-05	5.3	5.3	5.3	5.3	100
2009-03-06	5.31	5.31	5.31	5.31	200
2009-03-09	5.31	5.49	5.31	5.35	8519
2009-03-10	5.45	5.52	5.45	5.51	5769
2009-03-11	5.46	5.75	5.35	5.75	167450
2009-03-12	5.76	5.81	5.75	5.79	4460
2009-03-13	5.95	6.03	5.95	6.03	1700
2009-03-16	5.95	6.03	5.95	6.03	1360
2009-03-17	6	6.01	6	6	700
2009-03-18	5.8	5.8	5.8	5.8	3200
2009-03-19	5.81	5.81	5.81	5.81	1000
2009-03-20	5.8	6	5.8	5.9	3700
2009-03-23	6.01	6.01	5.99	6	1360
2009-03-24	5.91	5.91	5.91	5.91	2700
2009-03-25	5.99	5.99	5.99	5.99	166
2009-03-26	5.99	5.99	5.99	5.99	50
2009-03-27	5.81	5.81	5.81	5.81	198
2009-03-30	5.73	5.84	5.73	5.84	2000
2009-03-31	5.99	5.99	5.75	5.83	6759
2009-04-01	5.99	5.99	5.75	5.83	0
2009-04-02	6	6	5.8	5.8	13876
2009-04-03	5.81	5.92	5.8	5.92	2500
2009-04-06	6	6.24	6	6.1	13519
2009-04-07	6.05	6.64	6.05	6.64	7100
2009-04-08	6.45	6.46	6.32	6.42	9360
2009-04-09	6.45	6.45	6.41	6.42	1700
2009-04-13	6.49	6.58	6.49	6.58	4400
2009-04-14	6.58	6.8	6.58	6.8	3000
2009-04-15	6.62	6.79	6.62	6.79	1200
2009-04-16	6.7	6.78	6.7	6.78	6212
2009-04-17	6.77	6.85	6.75	6.85	6105
2009-04-20	6.93	6.93	6.85	6.85	4150
2009-04-21	6.8	7.04	6.8	7.04	1930
2009-04-22	6.95	7.1	6.95	7.05	4566
2009-04-23	7.05	7.05	7.05	7.05	2022
2009-04-24	7.07	7.49	7.06	7.49	2050
2009-04-27	7.74	7.74	7.18	7.18	2537
2009-04-28	7.2	7.41	7.2	7.21	2000
2009-04-29	7.21	7.38	6.89	7.38	9400
2009-04-30	7.16	7.3	7.02	7.02	3100
2009-05-01	6.95	7.42	6.95	7.42	4600
2009-05-04	7.38	7.38	7.11	7.25	3350
2009-05-05	7.26	7.34	7.25	7.34	6200
2009-05-06	7.25	7.25	7.14	7.14	1667
2009-05-07	7.2	7.31	7.2	7.2	7705
2009-05-08	7.25	7.27	7.25	7.27	1100
2009-05-11	7.25	7.4	7.25	7.27	5029
2009-05-12	7.3	7.62	7.3	7.41	4555
2009-05-13	7.5	7.7	7.5	7.51	820
2009-05-14	7.53	7.72	7.53	7.69	9400
2009-05-15	7.75	7.75	7.74	7.74	1600
2009-05-19	7.74	7.74	7.5	7.5	5550
2009-05-20	7.5	7.69	7.5	7.69	2020
2009-05-21	7.64	7.65	7.5	7.5	11320
2009-05-22	7.28	7.3	7	7.1	8100
2009-05-25	7.2	7.2	7.2	7.2	700
2009-05-26	7.2	7.2	7.2	7.2	0
2009-05-27	7.08	7.08	7.06	7.08	2900
2009-05-28	6.95	6.99	6.95	6.99	2900
2009-05-29	7.03	7.04	7.03	7.04	700
2009-06-01	7.5	7.55	7	7.4	15675
2009-06-02	7.4	7.69	7.4	7.69	3785
2009-06-03	7.65	7.65	7.51	7.51	8785
2009-06-04	7.45	7.45	7.24	7.44	3715
2009-06-05	7.4	7.44	7.3	7.3	2186
2009-06-08	7.42	7.42	7.3	7.3	1750
2009-06-09	7.46	7.46	7.3	7.3	2633
2009-06-10	7.26	7.34	7.26	7.33	3800
2009-06-11	7.35	7.35	7.28	7.3	1750
2009-06-12	7.3	7.3	7.25	7.25	8401
2009-06-15	7.21	7.21	7.15	7.15	1628
2009-06-16	7.07	7.24	7.07	7.11	5780
2009-06-17	7.08	7.2	7.08	7.2	1400
2009-06-18	7.39	7.39	7.08	7.08	5200
2009-06-19	7.12	7.24	7.12	7.12	2400
2009-06-22	7.15	7.15	7.03	7.03	28750
2009-06-23	7.13	7.13	7.01	7.01	600
2009-06-24	7.13	7.13	7.01	7.01	0
2009-06-25	7.12	7.12	7.1	7.1	900
2009-06-26	7.09	7.09	7.01	7.09	2100
2009-06-29	7.1	7.15	7.1	7.15	1750
2009-06-30	7.26	7.26	7.12	7.12	5305
2009-07-02	7.05	7.05	7.05	7.05	700
2009-07-03	7.11	7.11	7.11	7.11	300
2009-07-06	7.1	7.14	7	7.14	5985
2009-07-07	7	7	7	7	5030
2009-07-08	7.04	7.04	6.91	6.91	1130
2009-07-09	6.91	7.09	6.89	7	3950
2009-07-10	6.96	6.96	6.96	6.96	300
2009-07-13	7	7.04	7	7.04	1715
2009-07-14	7.05	7.07	7.02	7.06	2900
2009-07-15	7.01	7.03	6.96	6.96	4405
2009-07-16	7	7	6.96	6.96	7990
2009-07-17	6.99	7	6.91	7	1804
2009-07-20	7	7.04	7	7.02	1055
2009-07-21	7.05	7.05	6.91	7	8705
2009-07-22	6.96	7.09	6.96	7.09	11500
2009-07-23	7	7.09	7	7.09	925
2009-07-24	7.05	7.09	7.05	7.09	7200
2009-07-27	7.04	7.1	7.04	7.06	2531
2009-07-28	7.1	7.33	7.1	7.32	4000
2009-07-29	7.16	7.26	7.16	7.25	1100
2009-07-30	7.25	7.51	7.25	7.51	11104
2009-07-31	7.67	8.47	7.67	8.1	9001
2009-08-04	8.44	8.49	8.12	8.4	6989
2009-08-05	8.4	8.4	8.29	8.4	3570
2009-08-06	8.44	8.44	8.36	8.44	5120
2009-08-07	8.44	8.44	8.37	8.37	1100
2009-08-10	8.44	8.45	8.34	8.34	2035
2009-08-11	8.32	8.32	8.3	8.3	775
2009-08-12	8.31	8.39	8.31	8.35	1490
2009-08-13	8.35	8.39	8.35	8.39	490
2009-08-14	8.39	8.39	8.39	8.39	2130
2009-08-17	8.35	8.35	8.3	8.3	1100
2009-08-18	8.3	8.3	8.2	8.2	4600
2009-08-19	8.15	8.15	8.15	8.15	440
2009-08-20	8.24	8.24	8.05	8.06	4000
2009-08-21	8.06	8.14	8.06	8.06	3524
2009-08-24	8.05	8.2	8.05	8.2	29760
2009-08-25	8.25	8.25	8.2	8.25	2870
2009-08-26	8.15	8.2	8.01	8.01	20790
2009-08-27	8.01	8.19	8	8	55136
2009-08-28	8.16	8.17	8.15	8.15	9100
2009-08-31	8.1	8.1	8.05	8.05	1950
2009-09-01	8.02	8.02	7.88	7.95	4423
2009-09-02	7.95	7.95	7.85	7.85	2100
2009-09-03	7.95	7.95	7.85	7.85	0
2009-09-04	7.86	7.92	7.85	7.92	3662
2009-09-08	7.89	7.9	7.89	7.9	200
2009-09-09	7.94	7.95	7.82	7.82	17850
2009-09-10	7.83	7.99	7.83	7.93	11869
2009-09-11	7.98	8	7.95	7.95	12110
2009-09-14	8	8	8	8	3800
2009-09-15	8.01	8.1	8	8	15455
2009-09-16	8	8.15	8	8.15	2600
2009-09-17	8.15	8.15	8	8	6000
2009-09-18	8.08	8.08	8.04	8.05	19397
2009-09-21	8.1	8.15	8.01	8.15	4357
2009-09-22	8.09	8.17	8.09	8.15	6200
2009-09-23	8.15	8.15	8.03	8.05	14525
2009-09-24	8.13	8.13	8.02	8.06	7501
2009-09-25	8.05	8.05	7.98	8.03	14820
2009-09-28	7.96	8	7.88	7.9	20700
2009-09-29	8.04	8.04	7.8	7.9	5400
2009-09-30	7.75	7.9	7.75	7.9	5000
2009-10-01	7.9	7.9	7.75	7.8	14200
2009-10-02	7.8	8.04	7.72	8.04	18350
2009-10-05	7.85	8	7.85	8	23700
2009-10-06	8.15	8.17	8.1	8.15	4608
2009-10-07	8.15	8.17	8.1	8.15	0
2009-10-08	8.02	8.15	8.02	8.07	28450
2009-10-09	8.05	8.08	8	8	12300
2009-10-13	8.06	8.09	8.06	8.09	1700
2009-10-14	8.09	8.1	8.02	8.1	9770
2009-10-15	8.08	8.1	8.06	8.1	19395
2009-10-16	8.1	8.1	8.06	8.1	8260
2009-10-19	8.1	8.1	8.06	8.1	3750
2009-10-20	8.09	8.31	8.09	8.16	6660
2009-10-21	8.2	8.25	8.17	8.17	12827
2009-10-22	8.18	8.33	8.18	8.3	11400
2009-10-23	8.35	8.48	8.15	8.4	17800
2009-10-26	8.4	8.4	8.3	8.3	3250
2009-10-27	8.3	8.35	8.25	8.3	24220
2009-10-28	8.35	8.35	8.3	8.3	5700
2009-10-29	8.3	8.31	8.3	8.3	1780
2009-10-30	8.35	8.35	8.25	8.3	29750
2009-11-02	8.21	8.28	8.21	8.28	3800
2009-11-03	8.49	8.49	8.49	8.49	500
2009-11-04	8.49	8.5	8.49	8.5	2300
2009-11-05	8.49	8.5	8.46	8.46	1510
2009-11-06	8.34	8.35	8.34	8.35	2900
2009-11-09	8.35	8.36	8.35	8.36	2312
2009-11-10	8.34	8.34	8.34	8.34	100
2009-11-11	8.5	8.5	8.34	8.49	2080
2009-11-12	8.5	8.5	8.35	8.35	1550
2009-11-13	8.48	8.48	8.34	8.34	1934
2009-11-16	8.37	8.37	8.36	8.36	2162
2009-11-17	8.4	8.5	8.4	8.46	5550
2009-11-18	8.59	8.93	8.59	8.77	18380
2009-11-19	8.75	8.84	8.75	8.78	3550
2009-11-20	8.78	9.67	8.78	8.87	9125
2009-11-23	8.82	9.12	8.82	8.82	6185
2009-11-24	8.81	8.94	8.81	8.94	1700
2009-11-25	8.83	8.86	8.83	8.86	1700
2009-11-26	8.83	8.94	8.81	8.94	3600
2009-11-27	8.85	8.92	8.84	8.84	7700
2009-11-30	8.85	8.86	8.85	8.85	3500
2009-12-01	8.85	8.85	8.85	8.85	500
2009-12-02	8.85	9	8.76	8.85	5590
2009-12-03	8.85	9.1	8.85	9.1	35600
2009-12-04	9.1	9.1	9	9	565
2009-12-07	8.86	8.99	8.86	8.9	2650
2009-12-08	8.85	9	8.85	8.9	3950
2009-12-09	9	9	8.9	8.9	2500
2009-12-10	9.12	9.12	9.05	9.1	28450
2009-12-11	9	9	9	9	700
2009-12-14	9.05	9.09	9.05	9.09	1330
2009-12-15	9.01	9.15	9.01	9.14	1380
2009-12-16	9.14	9.33	9.14	9.33	5250
2009-12-17	9.51	9.51	10.1	10.1	14805
2009-12-18	10.16	10.89	10.16	10.4	28634
2009-12-21	10.57	10.58	10.46	10.5	3100
2009-12-22	10.65	10.65	10.5	10.5	6075
2009-12-23	10.64	10.9	10.61	10.83	7242
2009-12-24	10.92	10.94	10.9	10.9	3100
2009-12-29	10.94	11	10.9	10.99	6290
2009-12-30	10.99	11	10.9	10.9	3000
2009-12-31	11.89	11.89	10.75	10.75	6030
2010-01-04	10.75	10.75	10.63	10.68	12672
2010-01-05	10.74	10.75	10.15	10.28	19157
2010-01-06	10.44	10.45	10.1	10.4	12060
2010-01-07	10.45	10.6	10.45	10.6	9975
2010-01-08	10.6	10.7	10.6	10.7	7810
2010-01-11	10.7	10.77	10.65	10.75	9203
2010-01-12	10.75	10.77	10.7	10.7	5535
2010-01-13	10.74	10.74	10.71	10.71	2732
2010-01-14	10.74	11	10.74	11	9850
2010-01-15	11	11.14	10.91	11.1	3250
2010-01-18	11.2	11.25	11.2	11.25	9100
2010-01-19	11.25	11.25	11.17	11.25	4145
2010-01-20	11.25	11.25	11.15	11.15	10608
2010-01-21	11.15	11.24	11	11	5665
2010-01-22	11	11.24	11	11.24	750
2010-01-25	11.23	11.23	11.02	11.1	3311
2010-01-26	11.23	11.23	11.05	11.1	6665
2010-01-27	11.1	11.15	10.95	10.95	9720
2010-01-28	11.12	11.12	10.95	10.99	1850
2010-01-29	10.85	10.85	10.71	10.76	2480
2010-02-01	10.91	10.91	10.85	10.85	1700
2010-02-02	10.8	10.94	10.8	10.94	1501
2010-02-03	10.86	10.91	10.86	10.88	2890
2010-02-04	10.85	10.85	10.8	10.8	5388
2010-02-05	10.7	10.7	10.35	10.5	5078
2010-02-08	10.83	10.83	10.5	10.5	1530
2010-02-09	10.5	10.5	10.3	10.3	5397
2010-02-10	10.25	10.39	10.25	10.3	5845
2010-02-11	10.42	10.42	10.13	10.15	15925
2010-02-12	10.15	10.33	10.07	10.24	2700
2010-02-16	10.22	10.25	10.2	10.22	6295
2010-02-17	10.2	10.42	10.2	10.26	13570
2010-02-18	10.25	10.4	10.25	10.35	35974
2010-02-19	10.41	10.5	10.33	10.33	14770
2010-02-22	10.5	10.74	10.5	10.61	2188
2010-02-23	10.7	10.79	10.6	10.6	15400
2010-02-24	10.64	10.64	10.43	10.5	8450
2010-02-25	10.44	10.44	10.44	10.44	700
2010-02-26	10.57	10.59	10.46	10.46	2414
2010-03-01	10.62	10.7	10.55	10.55	1512
2010-03-02	10.67	10.75	10.6	10.6	4965
2010-03-03	10.74	10.74	10.41	10.69	6876
2010-03-04	10.74	10.74	10.5	10.53	6050
2010-03-05	10.7	10.75	10.64	10.64	3652
2010-03-08	10.61	10.84	10.61	10.84	10800
2010-03-09	10.63	10.7	10.63	10.7	7900
2010-03-10	10.66	10.81	10.51	10.61	8600
2010-03-11	10.83	10.83	10.56	10.56	7272
2010-03-12	10.6	10.65	10.56	10.6	5800
2010-03-15	10.6	10.79	10.58	10.6	6570
2010-03-16	10.65	10.65	10.6	10.6	3914
2010-03-17	10.65	10.65	10.5	10.5	16225
2010-03-18	10.45	10.46	10.44	10.45	62050
2010-03-19	10.45	10.45	10.33	10.33	3945
2010-03-22	10.34	10.52	10.34	10.49	3810
2010-03-23	10.5	10.52	10.33	10.38	6915
2010-03-24	10.36	10.47	10.35	10.35	1715
2010-03-25	10.45	10.45	10.35	10.45	2400
2010-03-26	10.42	10.42	10.33	10.39	3700
2010-03-29	10.34	10.4	10.33	10.4	4695
2010-03-30	10.4	10.42	10.3	10.3	3240
2010-03-31	10.35	10.35	10.33	10.33	1100
2010-04-01	10.33	10.33	10.2	10.2	7958
2010-04-05	10.22	10.35	10.2	10.35	2547
2010-04-06	10.35	10.49	10.35	10.35	6304
2010-04-07	10.3	10.36	10.3	10.3	1576
2010-04-08	10.35	10.35	10.35	10.35	1500
2010-04-09	10.35	10.44	10.3	10.43	6947
2010-04-12	10.35	10.37	10.35	10.35	5995
2010-04-13	10.44	10.52	10.37	10.52	3970
2010-04-14	10.57	10.57	10.4	10.4	5700
2010-04-15	10.54	10.54	10.42	10.42	90800
2010-04-16	10.51	10.54	10.38	10.38	2254
2010-04-19	10.54	10.54	10.31	10.38	5350
2010-04-20	10.45	10.45	10.25	10.25	4050
2010-04-21	10.35	10.42	10.35	10.42	87830
2010-04-22	10.2	10.25	10.2	10.25	3900
2010-04-23	10.31	10.42	10.31	10.41	3740
2010-04-26	10.37	10.37	10.3	10.3	3000
2010-04-27	10.27	10.35	10.25	10.35	3200
2010-04-28	10.37	10.37	10.25	10.25	1920
2010-04-29	10.21	10.25	10.2	10.25	2100
2010-04-30	10.38	10.38	10.34	10.34	1640
2010-05-03	10.25	10.25	10.2	10.2	1300
2010-05-04	10.16	9.9	10.16	9.9	7645
2010-05-05	9.55	9.85	9.55	9.85	5389
2010-05-06	9.85	9.85	10	10	6035
2010-05-07	10.01	10.04	10.01	10.01	3630
2010-05-10	10	10.05	10	10.05	2050
2010-05-11	10.19	10.19	10	10	4530
2010-05-12	10	10.5	10	10.41	16920
2010-05-13	10.74	10.74	10.25	10.4	34618
2010-05-14	10.5	10.5	10.27	10.3	17825
2010-05-17	10.35	10.38	10.17	10.17	5680
2010-05-18	10.28	10.28	10.11	10.11	5774
2010-05-19	10	10.05	10	10	7934
2010-05-20	9.95	9.95	9.51	9.6	9705
2010-05-21	9.97	9.98	9.56	9.98	8259
2010-05-25	9.98	9.98	9.58	9.78	7044
2010-05-26	10	9.8	10	9.8	12884
2010-05-27	9.8	9.95	9.8	9.94	5234
2010-05-28	9.95	9.95	10	10	3734
2010-05-31	10	10.19	10	10.08	4434
2010-06-01	10.05	9.95	10.05	9.95	2822
2010-06-02	9.9	9.9	9.9	9.9	1434
2010-06-03	9.86	9.9	9.55	9.9	4018
2010-06-04	9.9	9.9	9.9	9.9	400
2010-06-07	10	10.24	10	10.19	1936
2010-06-08	10.02	10.2	10.01	10.12	4734
2010-06-09	10.24	10.25	10.12	10.2	35834
2010-06-10	10.25	10.44	10.2	10.44	6200
2010-06-11	10.3	10.3	10.27	10.27	1200
2010-06-14	10.34	10.35	10.27	10.3	750
2010-06-15	10.27	10.27	10.25	10.26	16520
2010-06-16	10.3	10.47	10.3	10.3	3050
2010-06-17	10.3	10.44	10.3	10.44	1700
2010-06-18	10.36	10.36	10.3	10.34	11840
2010-06-21	10.32	10.37	10.3	10.3	10700
2010-06-22	10.32	10.37	10.3	10.3	50
2010-06-23	10.3	10.37	10.3	10.37	600
2010-06-24	10.26	10.3	10.26	10.3	400
2010-06-25	10.3	10.3	10.25	10.25	2200
2010-06-28	10.35	10.36	10.26	10.26	1200
2010-06-29	10.25	10.25	10.25	10.25	4100
2010-06-30	10.26	10.3	10.25	10.25	15315
2010-07-02	10.25	10.25	10.25	10.25	2800
2010-07-05	10.25	10.25	10.25	10.25	12200
2010-07-06	10.45	10.45	10.28	10.28	7810
2010-07-07	10.38	10.39	10.32	10.39	1235
2010-07-08	10.4	10.4	10.3	10.39	4450
2010-07-09	10.4	10.4	10.3	10.39	0
2010-07-12	10.35	10.41	10.35	10.4	3300
2010-07-13	10.35	10.4	10.35	10.4	6700
2010-07-14	10.4	10.4	10.39	10.4	3300
2010-07-15	10.39	10.39	10.39	10.39	750
2010-07-16	10.32	10.37	10.32	10.32	800
2010-07-19	10.32	10.32	10.26	10.26	2724
2010-07-20	10.26	10.47	10.26	10.47	9300
2010-07-21	10.35	10.47	10.32	10.46	10400
2010-07-22	10.5	10.55	10.5	10.5	4870
2010-07-23	10.5	10.55	10.5	10.5	0
2010-07-26	10.6	10.6	10.5	10.51	9200
2010-07-27	10.74	10.96	10.58	10.6	1433
2010-07-28	10.77	10.93	10.65	10.85	10260
2010-07-29	11	11.14	10.88	11.09	22548
2010-07-30	11.1	11.33	11.04	11.2	15900
2010-08-03	11.3	11.3	10.86	10.86	9393
2010-08-04	11.12	11.12	10.93	10.93	1200
2010-08-05	10.99	10.99	10.87	10.87	3500
2010-08-06	10.86	10.97	10.86	10.88	4494
2010-08-09	10.96	10.96	10.75	10.95	10300
2010-08-10	10.9	10.9	10.9	10.9	500
2010-08-11	10.78	10.78	10.78	10.78	440
2010-08-12	10.97	10.97	10.7	10.7	1500
2010-08-13	10.75	10.8	10.72	10.8	36300
2010-08-16	10.7	11.2	10.7	10.85	17275
2010-08-17	11	11.14	10.91	10.91	2500
2010-08-18	10.9	10.98	10.9	10.98	800
2010-08-19	10.91	10.98	10.91	10.98	4400
2010-08-20	10.9	10.91	10.9	10.91	900
2010-08-23	11.08	11.08	10.97	11.03	1700
2010-08-24	11	11	10.96	10.96	3901
2010-08-25	11	11	11	11	1300
2010-08-26	11.17	11.18	11.17	11.18	864
2010-08-27	11.06	11.29	11.06	11.13	9190
2010-08-30	11.15	11.33	11.15	11.33	4500
2010-08-31	11.39	11.39	11.33	11.33	300
2010-09-01	11.4	11.49	11.4	11.49	3805
2010-09-02	11.4	11.49	11.4	11.41	4600
2010-09-03	11.41	11.48	11.4	11.48	3700
2010-09-07	11.48	11.48	11.2	11.2	4750
2010-09-08	11.25	11.25	11.15	11.25	2803
2010-09-09	11.25	11.25	11.25	11.25	500
2010-09-10	11.3	11.3	11.25	11.25	3700
2010-09-13	11.25	11.35	11.25	11.35	2600
2010-09-14	11.3	11.4	11.3	11.4	6500
2010-09-15	11.47	11.47	11.47	11.47	814
2010-09-16	11.47	11.47	11.3	11.47	1560
2010-09-17	11.31	11.4	11.3	11.4	1600
2010-09-20	11.48	11.48	11.3	11.3	3087
2010-09-21	11.35	11.4	11.35	11.35	12028
2010-09-22	11.35	11.4	11.35	11.35	0
2010-09-23	11.35	11.35	11.35	11.35	1700
2010-09-24	11.41	11.45	11.35	11.45	3900
2010-09-27	11.38	11.48	11.35	11.37	27550
2010-09-28	11.4	11.45	11.35	11.35	26300
2010-09-29	11.46	11.46	11.35	11.35	27700
2010-09-30	11.48	11.48	11.31	11.4	21092
2010-10-01	11.3	11.3	11.25	11.25	8434
2010-10-04	11.26	11.59	11.25	11.4	10100
2010-10-05	11.4	11.5	11.4	11.5	9170
2010-10-06	11.59	11.6	11.57	11.6	21500
2010-10-07	11.55	11.6	11.55	11.6	1980
2010-10-08	11.6	11.6	11.6	11.6	1331
2010-10-12	11.56	12.2	11.56	12.2	14230
2010-10-13	12.43	12.44	11.86	11.96	10987
2010-10-14	11.89	12.17	11.89	12.17	2612
2010-10-15	12.24	12.33	12.17	12.21	3686
2010-10-18	12.21	12.31	12.19	12.22	5009
2010-10-19	12.16	12.16	12.1	12.1	4717
2010-10-20	12.02	12.11	12	12	5325
2010-10-21	12.07	12.15	12.07	12.15	8200
2010-10-22	12.19	12.2	12.15	12.15	3100
2010-10-25	12.28	12.3	12.25	12.3	11600
2010-10-26	12.3	12.4	12.3	12.37	10175
2010-10-27	12.36	12.36	12.35	12.35	2300
2010-10-28	12.34	12.37	12.34	12.36	3280
2010-10-29	12.36	12.4	12.35	12.36	20000
2010-11-01	12.38	12.49	12.36	12.36	4150
2010-11-02	12.4	12.75	12.4	12.75	2400
2010-11-03	12.75	12.94	12.75	12.85	2830
2010-11-04	12.81	12.94	12.8	12.8	4425
2010-11-05	12.81	12.94	12.75	12.8	3930
2010-11-08	12.77	12.94	12.77	12.85	4510
2010-11-09	12.94	13.17	12.94	13.17	22807
2010-11-10	13	13.49	13	13.21	11202
2010-11-11	13.26	13.4	13.15	13.15	3315
2010-11-12	13.2	13.22	13.01	13.01	3970
2010-11-15	13.1	13.1	13.1	13.1	120
2010-11-16	13.07	13.1	13.07	13.1	2990
2010-11-17	13.09	13.28	13.09	13.25	7354
2010-11-18	13.25	13.25	13.25	13.25	2000
2010-11-19	13.2	13.43	13.09	13.43	65640
2010-11-22	13.23	13.38	13.23	13.37	2920
2010-11-23	13.24	13.52	13.2	13.5	14315
2010-11-24	13.47	13.89	13.47	13.88	4444
2010-11-25	13.89	14.98	13.86	14.98	21663
2010-11-26	14.72	14.89	14.43	14.67	22842
2010-11-29	14.64	14.69	14.36	14.65	15780
2010-11-30	14.9	14.9	14.85	14.88	16589
2010-12-01	14.7	14.85	14.65	14.65	36763
2010-12-02	14.74	14.77	14.7	14.77	5475
2010-12-03	14.77	14.9	14.75	14.9	9686
2010-12-06	14.96	15.05	14.88	14.9	13363
2010-12-07	15	15	14.9	15	18590
2010-12-08	14.85	14.99	14.8	14.8	12970
2010-12-09	15	15	14.81	14.9	2745
2010-12-10	14.99	14.99	14.56	14.59	27203
2010-12-13	14.65	14.75	14.65	14.75	2746
2010-12-14	14.75	15	14.75	14.9	14262
2010-12-15	14.9	14.9	14.85	14.9	14036
2010-12-16	14.9	15.1	14.9	15.1	48780
2010-12-17	15.15	15.2	15.1	15.15	11059
2010-12-20	15.15	15.15	14.97	15.15	11724
2010-12-21	15.2	15.25	15.2	15.21	14563
2010-12-22	15.25	15.25	15.15	15.15	4372
2010-12-23	15.2	15.2	15.05	15.05	9367
2010-12-24	15.2	15.2	15.05	15.05	0
2010-12-29	15.1	15.1	15	15	9466
2010-12-30	15.05	15.05	15	15.05	2373
2010-12-31	14.86	15.04	14.85	14.86	3625
2011-01-04	14.95	14.95	14.27	14.5	21253
2011-01-05	14.6	15.1	14.5	15	9066
2011-01-06	15.1	15.1	15	15.1	16200
2011-01-07	15.2	15.25	15.2	15.2	3394
2011-01-10	15.25	15.25	15.05	15.06	12905
2011-01-11	15.16	15.25	15.08	15.23	4946
2011-01-12	15.25	15.5	15.09	15.35	15010
2011-01-13	15.49	15.5	15.3	15.44	12961
2011-01-14	15.48	15.74	15.48	15.51	26083
2011-01-17	15.64	15.64	15.51	15.58	9420
2011-01-18	15.65	15.65	15.45	15.45	22258
2011-01-19	15.71	16.24	15.71	16.15	104269
2011-01-20	16.23	16.24	16.1	16.1	23063
2011-01-21	16.15	16.24	16.02	16.1	12415
2011-01-24	16.22	16.22	16.16	16.19	10286
2011-01-25	16.24	16.24	15.9	15.9	17095
2011-01-26	15.92	16.1	15.92	16.1	12483
2011-01-27	16.1	16.1	16.02	16.06	11390
2011-01-28	16.1	16.1	16.02	16.09	3635
2011-01-31	16.02	16.09	16	16	9513
2011-02-01	16	16	15.85	16	5633
2011-02-02	16.09	16.1	16.03	16.1	5145
2011-02-03	16.1	16.15	16.04	16.15	3220
2011-02-04	16.18	16.2	16.1	16.2	5778
2011-02-07	16.25	16.43	16.12	16.39	15927
2011-02-08	16.39	16.39	16.15	16.39	4640
2011-02-09	16.38	16.5	16.31	16.5	19264
2011-02-10	16.49	16.74	16.36	16.53	18732
2011-02-11	16.52	16.72	16.52	16.69	13220
2011-02-14	16.74	16.8	16.71	16.71	31006
2011-02-15	16.94	17.2	16.9	17.2	42375
2011-02-16	17.24	18	17.18	17.67	29270
2011-02-17	17.93	17.93	17.5	17.69	11323
2011-02-18	17.48	17.76	17.4	17.76	13315
2011-02-22	17.5	17.73	17.07	17.35	58655
2011-02-23	17.3	17.6	17.3	17.32	10660
2011-02-24	17.59	17.59	17.01	17.01	6540
2011-02-25	17.01	17.2	17	17.14	6845
2011-02-28	17.01	17.16	17.01	17.16	650
2011-03-01	17.11	17.14	17	17.14	15775
2011-03-02	17.19	17.2	17.1	17.1	2560
2011-03-03	17.05	17.15	17	17.1	13379
2011-03-04	17.14	17.15	17.14	17.15	980
2011-03-07	17.25	17.5	17.25	17.49	3709
2011-03-08	17.25	17.41	17.16	17.16	4063
2011-03-09	17.16	17.16	17.01	17.01	3100
2011-03-10	17.12	17.12	16.99	17	12357
2011-03-11	17	17	16.03	16.7	19260
2011-03-14	16.65	16.65	15.86	16.2	10872
2011-03-15	15.8	15.86	15.26	15.65	36125
2011-03-16	15.74	16.7	15.52	16.25	30996
2011-03-17	16.35	16.74	16.3	16.74	13554
2011-03-18	16.75	16.88	16.62	16.62	9625
2011-03-21	16.94	16.94	16.7	16.85	28160
2011-03-22	16.85	17.07	16.82	16.9	31088
2011-03-23	16.99	17	16.88	16.98	28990
2011-03-24	16.85	17	16.85	17	256904
2011-03-25	17.03	17.15	17	17.05	30040
2011-03-28	17	17.24	17	17.24	2000
2011-03-29	17.25	17.46	17	17.19	26646
2011-03-30	17.24	17.43	17.11	17.23	57830
2011-03-31	17.47	17.47	17.33	17.42	17885
2011-04-01	17.38	17.4	17.25	17.25	13395
2011-04-04	17.3	17.35	17.3	17.35	1100
2011-04-05	17.34	17.48	17.19	17.35	2368
2011-04-06	17.2	17.3	17.1	17.25	3955
2011-04-07	17.2	17.22	17.1	17.22	1450
2011-04-08	17.25	17.25	17.09	17.1	8700
2011-04-11	17.1	17.23	17	17.21	3138
2011-04-12	17.26	17.48	17.1	17.28	53080
2011-04-13	17.3	17.41	17.25	17.25	7340
2011-04-14	17.47	17.64	17.38	17.45	14150
2011-04-15	17.77	17.79	17.68	17.75	65670
2011-04-18	17.78	17.78	17.46	17.46	6665
2011-04-19	17.5	17.62	17.5	17.5	58600
2011-04-20	17.55	17.67	17.51	17.51	6065
2011-04-21	17.55	17.68	17.55	17.68	2575
2011-04-25	17.7	17.78	17.7	17.75	39561
2011-04-26	17.84	17.95	17.78	17.95	17955
2011-04-27	17.85	18	17.77	17.79	38308
2011-04-28	17.85	17.85	17.75	17.75	1530
2011-04-29	17.74	17.84	17.64	17.68	6775
2011-05-02	17.95	17.95	17.65	17.65	2515
2011-05-03	17.6	17.6	16.9	16.9	9499
2011-05-04	17.21	17.25	16.9	17.15	5525
2011-05-05	17.1	17.1	16.79	16.79	11022
2011-05-06	16.8	16.8	16.6	16.6	16950
2011-05-09	16.65	17.2	16.64	17.2	12470
2011-05-10	17.11	17.14	16.86	16.86	7706
2011-05-11	16.73	16.99	16.73	16.99	37321
2011-05-12	16.99	16.99	16.75	16.9	9167
2011-05-13	17	17.2	17	17.2	14774
2011-05-16	17.2	17.41	17.2	17.4	39300
2011-05-17	17.49	17.75	17.48	17.75	17140
2011-05-18	17.57	17.88	17.57	17.8	10593
2011-05-19	17.74	17.8	17.61	17.61	21815
2011-05-20	17.5	17.65	17.25	17.35	7211
2011-05-24	17.55	17.55	17.29	17.4	13590
2011-05-25	17.31	17.42	17.25	17.25	16800
2011-05-26	17.23	17.23	17.05	17.2	9858
2011-05-27	17.2	17.2	16.83	17.19	6483
2011-05-30	17.19	17.19	17.15	17.15	5458
2011-05-31	17.03	17.19	17.01	17.01	5860
2011-06-01	17.01	17.09	16.87	17.09	5000
2011-06-02	16.95	17.08	16.95	16.95	1300
2011-06-03	16.95	17.19	16.95	17.08	5200
2011-06-06	17.35	17.35	16.79	17	7360
2011-06-07	16.97	17.08	16.31	16.61	9490
2011-06-08	16.62	16.73	16.43	16.65	4400
2011-06-09	16.65	16.85	16.52	16.52	23950
2011-06-10	16.52	16.6	16.42	16.42	17309
2011-06-13	16.34	16.36	16.04	16.25	9720
2011-06-14	16.25	16.47	16.15	16.47	9125
2011-06-15	16.45	16.49	16.45	16.49	8635
2011-06-16	16.48	16.5	16.48	16.5	6900
2011-06-17	16.5	16.6	16.48	16.48	10751
2011-06-20	16.48	16.51	16.48	16.49	6675
2011-06-21	16.5	16.95	16.16	16.85	28175
2011-06-22	16.99	17.34	16.93	17.1	49589
2011-06-23	17.18	17.18	17	17.07	30713
2011-06-24	17.04	17.04	16.98	17.03	3988
2011-06-27	17.1	17.15	16.96	17.01	26358
2011-06-28	17.02	17.06	16.95	16.95	2040
2011-06-29	16.9	17.07	16.9	16.9	5819
2011-06-30	16.86	16.9	16.71	16.9	15880
2011-07-04	16.86	17.1	16.8	17.1	20850
2011-07-05	17.15	17.15	17	17.15	11425
2011-07-06	17.14	17.25	17	17.25	188980
2011-07-07	17.22	17.25	17.1	17.25	7665
2011-07-08	17.22	17.63	17.22	17.62	7587
2011-07-11	17.4	17.45	17.31	17.4	13642
2011-07-12	17.34	17.45	17.34	17.4	8797
2011-07-13	17.35	17.64	17.35	17.45	9462
2011-07-14	17.43	17.51	17.43	17.5	5830
2011-07-15	17.65	17.97	17.65	17.9	38347
2011-07-18	17.89	17.9	17.7	17.9	12310
2011-07-19	17.85	18.33	17.85	18.33	36329
2011-07-20	18.49	18.62	18.49	18.55	13398
2011-07-21	18.57	18.7	18.55	18.6	3298
2011-07-22	18.71	18.85	18.71	18.85	17790
2011-07-25	18.88	18.88	18.55	18.8	4739
2011-07-26	18.7	18.79	18.55	18.75	7610
2011-07-27	18.7	18.75	18.45	18.65	15640
2011-07-28	18.51	18.8	18.31	18.8	9093
2011-07-29	18.7	18.75	18.45	18.65	15640
2011-08-02	18.83	19	18.83	19	9505
2011-08-03	18.87	19.1	18.85	18.99	6053
2011-08-04	18.85	18.85	17.99	17.99	32419
2011-08-05	17.75	17.75	16.61	17.68	39678
2011-08-08	17	17.49	16.5	16.91	20073
2011-08-09	17.16	19	17.16	17.77	14922
2011-08-10	17.87	17.87	17.42	17.42	7561
2011-08-11	17.98	18.5	17.77	18	19669
2011-08-12	18.1	18.1	17.93	18	5575
2011-08-15	18	18	17.75	17.76	6045
2011-08-16	17.76	17.8	17.5	17.8	3590
2011-08-17	17.54	17.56	17.28	17.48	11068
2011-08-18	17.48	17.48	17.16	17.16	6570
2011-08-19	17	17.34	17	17.34	5977
2011-08-22	17.25	17.45	17.16	17.21	8410
2011-08-23	17.36	17.44	17.17	17.44	11426
2011-08-24	17.44	17.5	17.4	17.5	3750
2011-08-25	17.5	17.5	17.4	17.48	26811
2011-08-26	17.45	17.45	17.44	17.44	2200
2011-08-29	17.3	17.5	17.3	17.5	8958
2011-08-30	17.41	17.49	17.25	17.28	12313
2011-08-31	17.47	17.49	17.4	17.49	8200
2011-09-01	17.49	17.49	17.19	17.19	11399
2011-09-02	17.18	17.45	17.16	17.2	6250
2011-09-06	16.87	16.89	16.74	16.84	8220
2011-09-07	16.89	17.49	16.89	17.34	5795
2011-09-08	17.06	17.51	17.06	17.4	35120
2011-09-09	17.5	17.75	17.47	17.47	3607
2011-09-12	17.21	17.5	17.21	17.5	6373
2011-09-13	17.25	17.59	17.24	17.4	10655
2011-09-14	17.41	17.49	17.29	17.49	7248
2011-09-15	17.49	17.49	17.24	17.4	9597
2011-09-16	17.36	17.55	17.35	17.5	37084
2011-09-19	17.45	17.64	17.4	17.46	2469
2011-09-20	17.47	17.59	17.44	17.46	5800
2011-09-21	17.45	17.5	17.2	17.2	4025
2011-09-22	17.16	17.17	16.85	17.05	27055
2011-09-23	16.85	17.12	16.85	16.99	7921
2011-09-26	16.87	16.95	16.29	16.95	13278
2011-09-27	17.32	17.5	17.32	17.48	21243
2011-09-28	17.48	17.5	17.31	17.4	13067
2011-09-29	17.49	17.49	17.3	17.3	1382
2011-09-30	17.26	17.26	17.04	17.15	4046
2011-10-03	17	17.16	17	17.14	8435
2011-10-04	17	17	16.6	16.6	28374
2011-10-05	16.75	16.75	16.55	16.7	15203
2011-10-06	16.72	16.99	16.57	16.99	1612
2011-10-07	16.99	16.99	16.61	16.61	4058
2011-10-11	16.66	16.99	16.66	16.99	5100
2011-10-12	16.99	17.37	16.82	17.18	16159
2011-10-13	17.38	17.38	17.12	17.25	6878
2011-10-14	17.21	17.35	17.17	17.35	2326
2011-10-17	17.19	17.25	17.15	17.16	6200
2011-10-18	17.17	17.2	17.14	17.15	4003
2011-10-19	17.2	17.21	17.17	17.17	11567
2011-10-20	17.07	17.29	17.02	17.29	3182
2011-10-21	17.35	17.37	17.2	17.37	10624
2011-10-24	17.36	17.55	17.32	17.32	17188
2011-10-25	17.21	17.38	17.21	17.23	2857
2011-10-26	17.13	17.34	17.13	17.2	6716
2011-10-27	17.33	17.78	17.26	17.78	66964
2011-10-28	17.65	17.69	17.55	17.69	8541
2011-10-31	17.69	17.89	17.6	17.66	71657
2011-11-01	17.65	17.72	17.5	17.72	5771
2011-11-02	17.89	18.3	17.89	18.3	15119
2011-11-03	18.3	18.38	18.15	18.38	2993
2011-11-04	18.16	18.4	18.16	18.16	768
2011-11-07	18.15	18.3	18.15	18.16	3648
2011-11-08	18.15	18.39	18.15	18.39	4631
2011-11-09	18.29	18.39	18.29	18.31	2599
2011-11-10	18.32	18.4	18.32	18.4	4220
2011-11-11	18.33	18.4	18.33	18.4	1400
2011-11-14	18.35	18.5	18.22	18.5	10770
2011-11-15	18.42	18.68	18.42	18.68	3400
2011-11-16	18.49	18.75	18.4	18.65	14690
2011-11-17	18.71	18.83	18.65	18.76	8066
2011-11-18	18.85	18.98	18.75	18.82	16215
2011-11-21	18.82	18.82	18.7	18.76	34480
2011-11-22	18.77	18.94	18.77	18.79	4580
2011-11-23	18.75	18.84	18.75	18.75	7626
2011-11-24	18.75	18.8	18.75	18.8	3703
2011-11-25	18.77	18.93	18.77	18.93	6903
2011-11-28	18.98	19.2	18.98	19.2	18496
2011-11-29	18.77	18.93	18.77	18.93	6903
2011-11-30	19.12	19.22	19.09	19.19	7378
2011-12-01	19.18	19.18	19	19.07	3450
2011-12-02	19.23	19.89	19.23	19.89	12326
2011-12-05	19.95	20	19.88	20	17775
2011-12-06	19.94	20.88	19.94	20.88	10063
2011-12-07	20.87	20.87	20.16	20.45	24093
2011-12-08	20.5	20.72	20.4	20.65	7450
2011-12-09	20.6	20.68	20.5	20.5	10015
2011-12-12	20.59	21.25	20.5	21.25	44542
2011-12-13	21.37	22.02	21.35	22.02	13540
2011-12-14	21.7	22.1	21.42	21.86	13126
2011-12-15	22	22.01	21.9	21.95	11920
2011-12-16	22.24	22.85	22.2	22.85	12450
2011-12-19	22.85	22.92	22.49	22.92	59139
2011-12-20	22.62	23.19	22.62	23	10579
2011-12-21	22.95	22.95	22.45	22.5	7979
2011-12-22	22.65	23.96	22.65	23.95	32345
2011-12-23	24.28	24.29	23.65	23.71	18392
2011-12-28	23.74	23.75	23.52	23.52	12729
2011-12-29	23.75	23.93	23.56	23.93	2070
2011-12-30	24.04	24.04	23.85	23.99	2890
2012-01-03	23.77	24	23.77	23.95	21754
2012-01-04	24.33	24.49	23.9	23.95	11899
2012-01-05	23.78	23.9	23.76	23.77	8053
2012-01-06	23.9	23.9	23.76	23.77	4211
2012-01-09	23.7	23.7	23.25	23.27	13577
2012-01-10	23.25	23.25	22	22.02	32867
2012-01-11	21.92	22.91	21.9	22.87	65674
2012-01-12	22.74	23.5	22.74	23.47	6123
2012-01-13	23.56	23.6	23.55	23.55	2218
2012-01-16	23.62	23.62	23.25	23.33	7536
2012-01-17	23.35	23.37	23.12	23.14	3865
2012-01-18	23.15	23.15	22.25	22.5	9705
2012-01-19	22.42	22.62	22.24	22.39	23178
2012-01-20	22.28	22.39	22.25	22.25	22047
2012-01-23	22.04	22.26	21.85	22	76953
2012-01-24	21.76	22.01	21.76	22.01	20508
2012-01-25	21.81	22.11	21.81	21.96	16781
2012-01-26	22	22.15	21.97	21.99	8068
2012-01-27	22.13	22.13	21.85	22	12143
2012-01-30	22.1	22.25	22	22.25	14266
2012-01-31	22.25	22.25	22.06	22.11	8996
2012-02-01	22.14	22.47	22.14	22.3	90147
2012-02-02	22.35	22.35	22.22	22.22	6187
2012-02-03	22.12	22.2	22.08	22.08	33725
2012-02-06	22.08	22.08	22.03	22.03	28392
2012-02-07	22.09	22.24	22.09	22.24	5615
2012-02-08	22.46	22.46	22.09	22.18	11945
2012-02-09	22.18	22.25	22.16	22.16	9261
2012-02-10	22.13	22.2	21.95	22.14	5688
2012-02-13	22.12	22.25	21.99	22.04	10871
2012-02-14	22.05	22.19	22.04	22.12	25236
2012-02-15	22.45	22.68	22.3	22.55	40806
2012-02-16	22.56	22.56	22.38	22.4	14122
2012-02-17	22.36	22.44	22.36	22.36	8353
2012-02-21	22.4	22.5	22.4	22.45	9360
2012-02-22	22.45	22.45	22.34	22.34	5405
2012-02-23	22.31	22.87	22.28	22.87	32932
2012-02-24	22.9	23.49	22.9	23.24	24618
2012-02-27	23.4	23.4	23.21	23.21	10988
2012-02-28	23.13	23.18	23	23.15	13259
2012-02-29	23.15	23.23	23	23.15	9674
2012-03-01	23.15	23.15	22.68	22.68	5726
2012-03-02	22.78	22.85	22.71	22.71	10065
2012-03-05	22.84	23	22.72	23	3838
2012-03-06	23	23.58	23	23.36	20979
2012-03-07	23.36	23.64	23.36	23.6	15091
2012-03-08	23.78	24.55	23.78	24.41	9061
2012-03-09	24.33	24.33	24.14	24.15	7914
2012-03-12	24.02	24.35	24.02	24.29	5654
2012-03-13	24.3	24.75	24.29	24.71	7680
2012-03-14	24.84	24.9	24.68	24.68	14468
2012-03-15	24.79	24.79	24.36	24.36	9960
2012-03-16	24.41	24.41	24.3	24.33	3680
2012-03-19	24.24	24.5	24.17	24.5	7489
2012-03-20	24.36	24.59	24.36	24.4	17215
2012-03-21	24.5	24.62	24.49	24.54	11198
2012-03-22	24.64	24.65	24.41	24.41	9290
2012-03-23	24.42	24.49	24.41	24.43	2679
2012-03-26	24.49	25.3	24.49	25.1	21508
2012-03-27	25.24	25.39	25.2	25.26	19173
2012-03-28	25.25	25.25	24.9	24.9	7978
2012-03-29	24.95	24.99	24.86	24.88	3505
2012-03-30	24.95	24.95	24.26	24.45	19463
2012-04-02	24.4	24.49	23.34	23.96	26369
2012-04-03	23.89	23.89	23.54	23.68	2645
2012-04-04	23.61	23.63	23.45	23.63	4096
2012-04-05	23.52	23.99	23.52	23.9	3654
2012-04-09	23.79	23.79	23.76	23.76	1632
2012-04-10	23.76	23.98	23.76	23.85	8072
2012-04-11	23.78	24	23.78	24	6369
2012-04-12	24	24	23.93	24	11478
2012-04-13	23.92	24	23.92	24	1616
2012-04-16	24.09	24.09	23.93	23.94	1302
2012-04-17	24.1	24.3	24.05	24.05	2638
2012-04-18	24.3	24.3	24.26	24.26	1389
2012-04-19	24.09	24.09	24	24	2145
2012-04-20	24	24	23.99	23.99	3386
2012-04-23	24.23	24.23	23.98	23.98	2736
2012-04-24	23.9	23.9	23.76	23.76	3466
2012-04-25	23.72	24.3	23.31	24.27	18082
2012-04-26	24.3	25.15	24.3	25.06	36064
2012-04-27	25.16	25.16	24.9	24.9	8650
2012-04-30	24.84	24.9	24.83	24.83	3045
2012-05-01	24.81	25.25	24.81	25.25	20000
2012-05-02	25.25	25.25	25.12	25.15	5872
2012-05-03	25.36	25.43	25.22	25.22	10886
2012-05-04	25.33	25.34	25.21	25.21	4261
2012-05-07	25.21	25.47	25.2	25.4	5907
2012-05-08	25.48	25.75	25.48	25.68	19176
2012-05-09	25.68	25.68	25.55	25.58	24395
2012-05-10	25.64	25.65	25.55	25.59	39846
2012-05-11	25.6	25.6	25.49	25.6	22535
2012-05-14	25.48	25.48	25.11	25.21	4190
2012-05-15	25.28	25.34	25.25	25.33	13784
2012-05-16	25.33	25.46	25.33	25.45	3098
2012-05-17	25.44	25.6	25.41	25.6	2697
2012-05-18	25.6	25.6	25.42	25.49	4996
2012-05-22	25.34	25.4	25.12	25.24	8389
2012-05-23	25.58	25.58	25.34	25.45	10731
2012-05-24	25.45	25.75	25.45	25.75	5454
2012-05-25	25.65	26.6	25.65	26.6	13133
2012-05-28	26.68	26.9	26.68	26.82	4935
2012-05-29	26.9	27.77	26.9	27.76	10126
2012-05-30	28.12	28.17	27.87	27.92	13043
2012-05-31	27.86	27.86	27	27	4122
2012-06-01	26.78	26.89	25.53	26.35	13159
2012-06-04	26.41	26.41	25.6	26.07	9191
2012-06-05	25.81	25.83	25.67	25.74	6805
2012-06-06	25.66	26.17	25.66	26.03	30100
2012-06-07	26.15	26.36	26.1	26.36	7477
2012-06-08	26.28	26.29	26.21	26.28	2453
2012-06-11	26.39	26.71	26.39	26.71	2957
2012-06-12	26.86	27.59	26.85	27.59	8358
2012-06-13	27.49	27.49	27.24	27.44	24367
2012-06-14	27.31	27.39	27.28	27.34	12812
2012-06-15	27.05	27.06	26.58	26.78	6956
2012-06-18	26.76	26.76	26.58	26.72	18223
2012-06-19	26.77	27.05	26.75	27	6221
2012-06-20	27.13	27.45	27.02	27.25	6172
2012-06-21	27.14	27.14	26.96	27.06	3571
2012-06-22	27.02	27.08	26.95	27.07	7583
2012-06-25	27.14	27.22	27.02	27.22	36862
2012-06-26	27.34	27.35	27.25	27.35	59351
2012-06-27	27.35	27.35	27.15	27.19	8937
2012-06-28	27.14	27.34	27.02	27.1	12045
2012-06-29	27.34	27.42	27.24	27.38	13955
2012-07-03	27.38	28.15	27.38	28.01	15513
2012-07-04	28.09	28.15	28.02	28.14	3104
2012-07-05	28.14	28.14	27.75	27.78	12063
2012-07-06	27.77	27.77	27.56	27.56	351
2012-07-09	27.53	27.53	27.36	27.4	6317
2012-07-10	27.44	27.63	27.44	27.63	1300
2012-07-11	27.5	27.87	27.45	27.75	25252
2012-07-12	27.74	27.74	27.64	27.64	3659
2012-07-13	27.76	28	27.71	27.81	8232
2012-07-16	28.03	28.2	28	28.15	5593
2012-07-17	28.31	29.74	28	29.74	15861
2012-07-18	29.73	29.95	29.6	29.75	15783
2012-07-19	29.99	30.98	29.85	30.9	21537
2012-07-20	30.75	32	30.6	31.55	66123
2012-07-23	31.55	31.55	30.54	31.08	8796
2012-07-24	31.23	31.23	31.1	31.2	3988
2012-07-25	31.22	31.5	31.22	31.5	7113
2012-07-26	31.88	31.88	31.7	31.88	6566
2012-07-27	32	32	31.91	31.91	23217
2012-07-30	31.77	31.91	31.66	31.66	5952
2012-07-31	31.69	31.76	31.51	31.68	9413
2012-08-01	31.68	31.91	31.68	31.89	77473
2012-08-02	31.8	31.8	31.6	31.76	3123
2012-08-03	31.9	31.91	31.8	31.9	4400
2012-08-07	32	32.06	32	32	2788
2012-08-08	31.71	32.24	31.71	32.01	2500
2012-08-09	32.04	32.2	32	32.15	3115
2012-08-10	32.3	32.84	32.3	32.76	10051
2012-08-13	32.98	33.45	32.98	33.45	11828
2012-08-14	33.74	34.25	33.61	34.25	8354
2012-08-15	34.25	34.26	34.02	34.11	10407
2012-08-16	33.95	33.97	33.65	33.65	7823
2012-08-17	33.25	33.28	32.85	33.09	13275
2012-08-20	32.97	33.24	32.58	33.24	12049
2012-08-21	33.24	33.77	33.24	33.77	14340
2012-08-22	33.77	33.85	33.46	33.57	2674
2012-08-23	33.57	33.57	32.89	33.1	4110
2012-08-24	32.9	32.9	32.26	32.3	24764
2012-08-27	32.29	32.29	31	31.42	20278
2012-08-28	31.45	31.69	31.45	31.69	2478
2012-08-29	31.85	32.28	31.78	32.28	2478
2012-08-30	32.23	32.28	31.95	32.19	12672
2012-08-31	32.26	32.36	32.17	32.25	4493
2012-09-04	32.2	32.66	31.46	32.02	44423
2012-09-05	32.63	32.63	31.5	31.65	11320
2012-09-06	31.72	32	31.72	31.87	4051
2012-09-07	31.81	32.14	31.81	32.14	21568
2012-09-10	32.14	32.47	31.52	31.69	5235
2012-09-11	31.8	31.8	31.3	31.3	6971
2012-09-12	31.28	31.59	31.28	31.59	15611
2012-09-13	31.9	31.9	31.87	31.88	1881
2012-09-14	31.8	32	31.32	32	123318
2012-09-17	32	32.06	31.81	31.9	9046
2012-09-18	31.9	31.9	31.07	31.28	10100
2012-09-19	31.22	31.41	30.8	31	27263
2012-09-20	30.95	31.58	30.95	31.5	175217
2012-09-21	31.74	31.82	31.5	31.67	11847
2012-09-24	31.83	31.84	31.5	31.51	7088
2012-09-25	31.61	31.61	31.5	31.51	15820
2012-09-26	31.6	31.6	31.51	31.51	7172
2012-09-27	31.55	31.6	31.55	31.6	9857
2012-09-28	31.53	31.66	31.26	31.46	3243
2012-10-01	31.51	32.01	31.51	31.76	11444
2012-10-02	31.29	31.74	31.26	31.7	10240
2012-10-03	31.79	31.79	31.63	31.7	1557
2012-10-04	31.61	31.72	31.55	31.57	3286
2012-10-05	31.5	31.5	30.51	30.76	6396
2012-10-09	30.75	30.79	29.74	29.75	14471
2012-10-10	29.85	30.28	29.85	30	14340
2012-10-11	30.16	30.75	30.14	30.75	27402
2012-10-12	30.66	30.87	30.61	30.87	1929
2012-10-15	30.9	31.165	30.9	31.06	4642
2012-10-16	30.8	31.75	30.8	31.53	5095
2012-10-17	31.22	31.6	31.22	31.53	2899
2012-10-18	31.69	31.69	31.5	31.58	2593
2012-10-19	31.41	31.46	31.4	31.43	1680
2012-10-22	31.41	31.54	31.41	31.53	19492
2012-10-23	31.5	31.68	31.5	31.68	6791
2012-10-24	31.68	31.75	31.68	31.69	546
2012-10-25	31.78	31.94	31.73	31.94	1911
2012-10-26	31.95	31.95	31.8	31.82	1345
2012-10-29	31.94	31.94	31.49	31.49	913
2012-10-30	31.61	31.61	31.45	31.45	466
2012-10-31	31.45	31.69	31.33	31.69	2495
2012-11-01	31.7	31.7	31.09	31.6	6630
2012-11-02	31.7	31.7	31.5	31.51	1755
2012-11-05	31.5	31.54	31.41	31.54	4760
2012-11-06	31.43	31.53	31.25	31.45	3935
2012-11-07	31.38	31.53	31.3	31.53	2484
2012-11-08	31.5	31.53	31.49	31.52	2476
2012-11-09	31.5	31.53	31.45	31.53	44689
2012-11-12	31.48	31.55	31.01	31.55	16462
2012-11-13	31.2	31.64	31.2	31.63	3288
2012-11-14	31.56	31.59	31.35	31.35	4897
2012-11-15	31.5	31.59	30.23	30.51	25550
2012-11-16	30.05	30.19	28.18	29.18	56391
2012-11-19	29.25	29.43	29.18	29.27	3628
2012-11-20	29.03	29.73	29.03	29.7	4057
2012-11-21	29.87	30.55	29.73	30.54	7934
2012-11-22	30.58	30.65	30.5	30.65	2560
2012-11-23	30.7	30.79	30.5	30.79	9926
2012-11-26	30.65	30.89	30.6	30.88	709
2012-11-27	30.87	31.38	30.76	31.38	4079
2012-11-28	31.35	31.58	31	31.57	3422
2012-11-29	31.6	31.98	31.6	31.98	4275
2012-11-30	31.89	32.32	31.5	32.32	41581
2012-12-03	32.48	32.98	32.28	32.91	6492
2012-12-04	33	33.05	32.71	32.89	54829
2012-12-05	32.68	33.09	32	32.15	43074
2012-12-06	32.22	33.11	32	32.6	11991
2012-12-07	33.17	33.17	32.98	33.03	7788
2012-12-10	33	33.05	32.8	33.05	1327
2012-12-11	33.46	33.46	32.15	32.65	2020
2012-12-12	32.61	33.38	32.5	32.8	7379
2012-12-13	32.68	32.68	31.25	32.5	12012
2012-12-14	32.43	32.59	32.05	32.43	4147
2012-12-17	32.59	33.35	32.59	33.35	3451
2012-12-18	33.35	33.54	33.1	33.1	64758
2012-12-19	33.11	33.19	32.03	33.19	6824
2012-12-20	33.26	33.98	33.19	33.9	9453
2012-12-21	33.9	33.9	33.7	33.81	3495
2012-12-24	33.8	33.8	33.18	33.52	1900
2012-12-27	33.52	33.52	32.85	32.9	4690
2012-12-28	32.71	32.99	32.71	32.99	2677
2012-12-31	32.78	33.32	32.78	33.32	3708
2013-01-02	33.39	33.98	33.15	33.98	14577
2013-01-03	33.97	33.98	33.52	33.66	8974
2013-01-04	33.8	33.8	32.78	32.78	2378
2013-01-07	32.73	33.25	32.5	33.2	10334
2013-01-08	33.19	33.22	32.85	33.18	5353
2013-01-09	33.12	33.64	33.09	33.6	16638
2013-01-10	33.66	33.98	33.66	33.75	6569
2013-01-11	33.75	33.98	32.72	33.15	3183
2013-01-14	33.2	33.3	33.2	33.3	1297
2013-01-15	33.07	33.6	33	33	23570
2013-01-16	33.09	33.6	32.77	32.77	2157
2013-01-17	32.77	33	32.76	32.9	2655
2013-01-18	32.9	33	32.52	32.67	6260
2013-01-21	32.51	32.69	32.45	32.6	20210
2013-01-22	32.58	33.13	32.58	32.75	1782
2013-01-23	32.61	32.62	32.35	32.5	25573
2013-01-24	32.6	32.61	32.6	32.6	1140
2013-01-25	32.71	32.71	32.34	32.35	2929
2013-01-28	32.32	33	32.22	33	7934
2013-01-29	32.99	32.99	32.55	32.68	2867
2013-01-30	32.58	32.71	32.48	32.55	7361
2013-01-31	32.65	32.75	32.63	32.75	2300
2013-02-01	32.86	33	32.83	33	5449
2013-02-04	32.94	33.2	32.91	33.07	6739
2013-02-05	33.32	33.32	33.21	33.25	740
2013-02-06	33.25	33.25	33.11	33.22	3145
2013-02-07	33.15	33.45	33.11	33.38	3819
2013-02-08	33.43	33.5	33.4	33.5	3035
2013-02-11	33.48	33.54	32.81	33.54	7850
2013-02-12	33.38	33.75	33.38	33.75	18853
2013-02-13	33.73	33.87	33.73	33.87	2513
2013-02-14	33.9	34.62	33.9	34.49	11597
2013-02-15	34.44	34.6	34.25	34.5	5182
2013-02-19	34.55	34.97	34.55	34.95	3415
2013-02-20	34.93	34.97	34.7	34.92	2430
2013-02-21	34.98	34.98	34.8	34.84	6011
2013-02-22	34.81	34.89	34.57	34.89	10901
2013-02-25	34.77	34.77	34.36	34.57	6750
2013-02-26	34	34.11	34	34.11	1447
2013-02-27	34.71	34.73	33.9	34.22	9752
2013-02-28	34.25	34.38	34.25	34.38	2010
2013-03-01	34.1	34.2	33.98	34	13158
2013-03-04	33.51	34	33.51	34	6549
2013-03-05	34.67	34.68	34.01	34.01	1374
2013-03-06	34.25	34.31	34.25	34.25	3308
2013-03-07	34.25	34.3	34.17	34.18	3506
2013-03-08	34.28	34.3	33.73	33.88	9180
2013-03-11	33.69	33.69	33.37	33.67	1430
2013-03-12	33.74	33.79	33.56	33.79	1642
2013-03-13	33.74	33.74	33.38	33.38	8303
2013-03-14	33.35	33.35	33.26	33.26	6989
2013-03-15	33.25	33.25	32.94	32.95	4865
2013-03-18	32.7	32.78	32.26	32.28	6036
2013-03-19	32.3	32.3	30.7	30.98	33835
2013-03-20	30.73	31.5	30.73	31.34	12268
2013-03-21	31.48	31.61	31.45	31.45	1651
2013-03-22	31.61	31.61	31.38	31.49	4306
2013-03-25	31.5	31.5	31.1	31.25	3070
2013-03-26	31.1	31.2	30.94	31.01	4385
2013-03-27	31	31.15	31	31	4044
2013-03-28	31	31.5	31	31.42	10873
2013-04-01	31.4	31.89	31.4	31.62	3721
2013-04-02	32	32.42	32	32.42	26172
2013-04-03	32.75	32.96	32.5	32.5	8812
2013-04-04	32.47	32.5	32.44	32.45	1793
2013-04-05	32.2	32.35	32.2	32.25	4003
2013-04-08	32.25	32.45	32.25	32.45	851
2013-04-09	32.46	32.55	32.45	32.54	4328
2013-04-10	32.6	32.67	32.5	32.5	1175
2013-04-11	32.56	32.67	32.56	32.6	12678
2013-04-12	32.6	32.67	32.6	32.67	2577
2013-04-15	32.46	32.64	32.46	32.6	10076
2013-04-16	32.65	32.7	32.5	32.65	26748
2013-04-17	32.65	32.8	32.6	32.6	3613
2013-04-18	32.63	32.87	32.3	32.5	14810
2013-04-19	32.34	32.55	32.22	32.55	1931
2013-04-22	32.42	32.42	32.27	32.3	2592
2013-04-23	32.22	32.22	32.01	32.01	10242
2013-04-24	31.75	31.75	31	31.15	4613
2013-04-25	31.09	31.5	31.09	31.25	2209
2013-04-26	31.3	31.3	31.2	31.2	1165
2013-04-29	31.07	31.46	30.93	31.46	3514
2013-04-30	31.65	32.3	31.65	32.3	7505
2013-05-01	32	32.3	31.24	32.16	12186
2013-05-02	32.35	32.85	32.11	32.3	22506
2013-05-03	32.29	32.29	31.96	31.96	2700
2013-05-06	31.82	32.23	31.72	31.8	7501
2013-05-07	31.78	31.85	31.78	31.84	4680
2013-05-08	31.76	32.09	31.75	32.09	1759
2013-05-09	31.8	32.1	31.75	32.04	7195
2013-05-10	32.06	32.34	32.05	32.07	2251
2013-05-13	32.1	32.1	31.75	31.75	3116
2013-05-14	31.59	31.59	31.3	31.3	3680
2013-05-15	31.06	31.14	31.05	31.11	35661
2013-05-16	31.5	31.72	31.5	31.63	2419
2013-05-17	31.64	32.18	31.64	32.07	5275
2013-05-21	31.89	32.12	31.89	32.12	980
2013-05-22	32	32.16	31.8	31.8	1715
2013-05-23	31.88	32.15	31.88	32.15	2792
2013-05-24	32.24	32.48	32.24	32.48	56402
2013-05-27	32.37	32.5	32.37	32.5	3260
2013-05-28	32.58	32.58	32.38	32.5	2221
2013-05-29	32.52	32.53	32.4	32.53	2808
2013-05-30	32.63	32.64	32.445	32.58	1128
2013-05-31	32.51	33.75	32.45	33.75	21185
2013-06-03	33.55	33.65	33.45	33.5	32300
2013-06-04	33.43	33.65	33.43	33.53	5786
2013-06-05	33.5	33.6	33.1	33.1	10446
2013-06-06	32.76	32.98	32.66	32.8	6852
2013-06-07	33.11	33.6	32.89	32.96	2505
2013-06-10	33.11	33.11	32.62	32.62	602
2013-06-11	32.51	32.51	32.44	32.48	20921
2013-06-12	32.3	32.4	32.21	32.4	1049
2013-06-13	32.31	32.88	32.3	32.88	10787
2013-06-14	32.97	32.97	32.3	32.3	6404
2013-06-17	32.26	32.59	32.26	32.31	1352
2013-06-18	32.26	32.59	32.26	32.31	58
2013-06-19	32.4	32.74	32.4	32.63	1883
2013-06-20	32.94	32.94	32.24	32.26	7616
2013-06-21	32.12	32.4	32.12	32.4	3856
2013-06-24	32.29	32.39	32	32.39	7755
2013-06-25	32.29	32.8	31.47	32.8	13747
2013-06-26	32.02	32.61	32.02	32.6	538
2013-06-27	32.28	32.9	32.23	32.66	4441
2013-06-28	32.53	33.05	32.53	33.02	7735
2013-07-02	32.88	33.68	32.88	33.3	27365
2013-07-03	33.39	33.89	33.39	33.78	16534
2013-07-04	33.75	33.89	33.75	33.8	16636
2013-07-05	33.8	33.8	33.75	33.77	4520
2013-07-08	33.71	33.8	33.71	33.8	630
2013-07-09	33.75	33.85	33.75	33.75	3695
2013-07-10	33.75	33.75	33.75	33.75	1245
2013-07-11	33.75	33.9	33.7	33.9	1833
2013-07-12	33.71	33.9	33.44	33.9	3704
2013-07-15	33.88	33.88	33.88	33.88	304
2013-07-16	33.62	33.75	33.51	33.75	3590
2013-07-17	33.73	33.75	33.03	33.68	8455
2013-07-18	33.71	33.85	33.61	33.71	3833
2013-07-19	33.71	33.8	33.71	33.8	1521
2013-07-22	33.31	33.74	33.31	33.74	500
2013-07-23	33.78	33.89	33.77	33.83	1324
2013-07-24	33.58	33.58	33.57	33.57	212
2013-07-25	33.67	33.69	33.65	33.69	3600
2013-07-26	33.75	33.75	33.75	33.75	641
2013-07-29	33.59	33.8	33.59	33.8	567
2013-07-30	33.51	33.75	33.51	33.72	2033
2013-07-31	33.6	34.38	33.6	34.38	5303
2013-08-01	34.24	34.24	33.49	33.77	24987
2013-08-02	33.71	34.73	33.7	34.73	48811
2013-08-06	33.54	34.13	33.54	34.01	5953
2013-08-07	33.78	33.78	33.78	33.78	244
2013-08-08	33.81	33.9	33.81	33.87	2533
2013-08-09	33.85	34	33.85	34	6735
2013-08-12	33.67	33.9	33.65	33.9	5423
2013-08-13	33.93	34.12	33.93	33.99	7440
2013-08-14	33.92	33.98	33.79	33.79	16700
2013-08-15	33.6	33.6	33.25	33.25	750
2013-08-16	33.16	33.25	32.01	32.29	36999
2013-08-19	32.11	32.28	31.05	31.05	19548
2013-08-20	30.93	31.39	30.83	30.91	8327
2013-08-21	30.73	30.97	30.51	30.51	4310
2013-08-22	30.62	30.62	30.27	30.5	2667
2013-08-23	30.82	30.82	30.22	30.22	4053
2013-08-26	30.21	30.22	29.51	29.97	8147
2013-08-27	29.9	30.5	29.88	29.9	6315
2013-08-28	29.76	29.89	29.19	29.19	4932
2013-08-29	29.24	29.72	29.08	29.72	5588
2013-08-30	29.65	29.78	29.3	29.3	20946
2013-09-03	29.5	29.61	29.5	29.56	603
2013-09-04	29.5	29.61	29.5	29.56	145
2013-09-05	29.56	29.64	29.55	29.55	3788
2013-09-06	29.74	29.92	29.74	29.86	2100
2013-09-09	29.81	29.92	29.75	29.85	4165
2013-09-10	29.81	29.85	29.8	29.85	9662
2013-09-11	29.86	29.86	29.5	29.68	23498
2013-09-12	29.65	29.76	29.52	29.76	1800
2013-09-13	29.75	29.8	29.38	29.8	1350
2013-09-16	29.8	29.8	29.45	29.8	4293
2013-09-17	29.78	29.8	29.78	29.8	3339
2013-09-18	29.73	29.8	29.73	29.8	13115
2013-09-19	29.95	30.5	29.95	30.27	20992
2013-09-20	30.3	30.64	30.3	30.64	5534
2013-09-23	30.52	30.75	30.52	30.75	2529
2013-09-24	30.62	30.63	30.09	30.1	5684
2013-09-25	30.02	30.34	30	30.1	7438
2013-09-26	30.05	30.05	29.76	29.9	853
2013-09-27	29.9	29.95	29.88	29.88	2265
2013-09-30	29.75	30.19	29.4	30.19	31936
2013-10-01	30.41	30.41	29.75	29.77	12556
2013-10-02	29.85	29.85	29.85	29.85	137
2013-10-03	29.9	29.9	29.69	29.7	3702
2013-10-04	29.7	30.13	29.7	29.8	4137
2013-10-07	29.86	29.86	29.86	29.86	135
2013-10-08	29.85	29.95	29.75	29.88	5469
2013-10-09	29.81	30.06	29.8	30.06	3803
2013-10-10	30	30.01	29.8	29.97	3815
2013-10-11	30	30	29.75	29.75	3875
2013-10-15	29.76	29.99	29.75	29.99	1472
2013-10-16	30	30.13	30	30.13	2227
2013-10-17	30.07	30.2	30.07	30.19	2144
2013-10-18	30.09	30.2	29.82	30.18	4037
2013-10-21	30.02	30.29	30.02	30.27	7892
2013-10-22	30.13	30.45	30.13	30.41	3265
2013-10-23	30.47	30.54	30.45	30.46	11799
2013-10-24	30.6	30.93	30.5	30.93	6699
2013-10-25	30.92	31.02	30.92	31.02	4984
2013-10-28	31.3	31.42	31.25	31.39	6225
2013-10-29	31.37	31.54	31.3	31.54	7317
2013-10-30	31.5	31.59	31.5	31.51	4403
2013-10-31	31.58	31.64	31.52	31.59	3898
2013-11-01	31.52	32	31.52	31.99	86125
2013-11-04	31.97	32.11	31.94	32.08	89625
2013-11-05	32	32.02	31.8	32	2200
2013-11-06	31.97	32	31.95	32	13034
2013-11-07	32	32.01	31.91	31.975	14589
2013-11-08	32	32.14	32	32.14	11074
2013-11-11	32.25	32.95	32.25	32.77	6510
2013-11-12	32.95	33	32.81	32.95	8188
2013-11-13	32.75	33.01	32.61	33	8084
2013-11-14	33.15	33.45	33.15	33.3	3429
2013-11-15	33.49	33.69	33.49	33.49	7689
2013-11-18	33.59	33.59	33.42	33.5	4030
2013-11-19	33.5	33.6	33.49	33.57	9338
2013-11-20	33.45	33.74	33.45	33.68	2944
2013-11-21	33.7	33.78	33.52	33.73	4286
2013-11-22	33.88	33.89	33.75	33.88	1225
2013-11-25	33.79	33.79	33.44	33.6	2969
2013-11-26	33.6	34.19	33.6	34.19	15237
2013-11-27	34.4	34.4	34	34.24	5844
2013-11-28	34.25	34.27	34.21	34.27	1126
2013-11-29	34.43	34.5	34.3	34.5	83098
2013-12-02	34.52	34.52	34.31	34.31	1208
2013-12-03	34.35	34.55	34.25	34.55	1944
2013-12-04	34.5	34.5	34.36	34.5	538
2013-12-05	34.4	34.6	34.4	34.5	898
2013-12-06	34.63	34.63	34.35	34.49	4925
2013-12-09	34.6	34.6	34.45	34.45	2815
2013-12-10	34.45	34.5	34.45	34.5	300
2013-12-11	34.45	34.45	33.85	34.14	10772
2013-12-12	33.94	34.24	33.94	34	22278
2013-12-13	34.1	34.31	34.1	34.31	20325
2013-12-16	34.17	34.45	34.11	34.41	3861
2013-12-17	34.45	34.7	34.45	34.68	2825
2013-12-18	34.55	34.6	34.365	34.365	1222
2013-12-19	34.44	34.45	34.34	34.39	2510
2013-12-20	34.29	34.45	34.025	34.35	7935
2013-12-23	34.45	34.74	34.45	34.72	23909
2013-12-24	34.65	34.73	34.65	34.65	3043
2013-12-27	34.6	34.79	34.6	34.72	2959
2013-12-30	35.04	35.36	35.04	35.36	9813
2013-12-31	35.36	36.68	35.36	36.48	6552
2014-01-02	36.62	36.76	36.5	36.5	9021
2014-01-03	36.5	36.5	36.25	36.27	9346
2014-01-06	35.9	36.08	35.9	36.08	200
2014-01-07	35.9	36.08	35.9	36.08	99
2014-01-08	36.15	36.25	36.11	36.11	830
2014-01-09	36.25	36.25	35.99	36	6400
2014-01-10	35.99	36	35.99	36	2060
2014-01-13	35.62	35.7	35.53	35.53	3151
2014-01-14	35.39	35.49	35	35	2180
2014-01-15	35	35.05	35	35.01	6260
2014-01-16	35	35	35	35	2923
2014-01-17	35.16	36	35.16	35.73	4546
2014-01-20	35.83	35.83	35.81	35.81	505
2014-01-21	35.94	36.77	35.94	36.74	13653
2014-01-22	36.54	36.56	36.25	36.38	4607
2014-01-23	36.55	36.64	36.43	36.49	4394
2014-01-24	36.3	36.4	36.06	36.06	5985
2014-01-27	36.23	36.33	36.23	36.33	1759
2014-01-28	36.24	36.25	35.78	35.78	5050
2014-01-29	35.91	35.99	35.57	35.57	1934
2014-01-30	35.75	35.95	35.5	35.5	7835
2014-01-31	35.6	35.96	35.5	35.8	5928
2014-02-03	35.63	35.69	35.51	35.62	4273
2014-02-04	35.5	35.65	35.47	35.48	3603
2014-02-05	35.7	35.85	35.7	35.85	2818
2014-02-06	36	36	35.75	35.82	756
2014-02-07	35.79	36.1	35.79	36.1	2715
2014-02-10	36.2	36.36	36.17	36.35	1127
2014-02-11	36.99	37	36.52	36.54	1150
2014-02-12	36.99	37	36.69	36.75	4535
2014-02-13	36.9	37	36.83	37	4401
2014-02-14	37	37.28	37	37.09	7067
2014-02-18	37.55	37.69	37.41	37.41	101952
2014-02-19	37.58	37.58	37.5	37.5	3708
2014-02-20	37.65	37.93	37.6	37.93	2254
2014-02-21	37.93	37.99	37.5	37.5	3605
2014-02-24	37.5	37.5	36.97	37.13	5022
2014-02-25	37.06	37.06	37.01	37.01	1259
2014-02-26	37.3	37.3	37	37	969
2014-02-27	37.63	37.63	36.95	36.98	1844
2014-02-28	37	37.43	37	37.4	1584
2014-03-03	37.52	37.52	36.85	36.9	4855
2014-03-04	37.09	37.23	36.78	37.23	2313
2014-03-05	37.06	37.13	37	37.1	3216
2014-03-06	36.98	37	36.87	36.89	2611
2014-03-07	37	37	36.51	36.51	6375
2014-03-10	36.66	36.66	34.3	35.4	19425
2014-03-11	35.51	35.65	35.4	35.52	57506
2014-03-12	35.79	36.05	35.55	35.55	4219
2014-03-13	35.56	35.75	35.55	35.66	3511
2014-03-14	35.82	36.94	35.82	36.94	5176
2014-03-17	36.64	36.64	36.25	36.46	1643
2014-03-18	36	36.03	35.95	36.03	700
2014-03-19	36	36.01	35.96	35.97	3365
2014-03-20	35.96	36.18	35.95	36.1	1880
2014-03-21	35.61	36.11	35.61	36.11	3238
2014-03-24	36	36	35.92	36	1827
2014-03-25	36.02	36.23	36.02	36.22	2517
2014-03-26	36.2	36.46	36.2	36.25	4520
2014-03-27	36.23	36.46	36.23	36.35	2249
2014-03-28	36.35	36.81	36.35	36.8	2950
2014-03-31	36.8	36.87	36.6	36.87	2305
2014-04-01	36.8	36.87	36.6	36.87	0
2014-04-02	36.85	36.9	36.85	36.89	569
2014-04-03	36.7	36.7	36.7	36.7	200
2014-04-04	36.89	36.91	36.89	36.89	2400
2014-04-07	36.88	37.03	36.8	37	2911
2014-04-08	36.99	37.24	36.9	37.2	3097
2014-04-09	37.39	37.4	36.95	37	1739
2014-04-10	36.87	36.87	36.87	36.87	333
2014-04-11	36.53	36.65	36.53	36.63	1116
2014-04-14	35.91	36.4	35.9	36	5862
2014-04-15	35.68	36	35.67	36	5711
2014-04-16	36.01	36.11	36	36	2969
2014-04-17	36.05	36.5	35.94	36.5	4518
2014-04-21	36.5	36.5	36.21	36.23	3245
2014-04-22	36.32	36.55	36.25	36.45	9801
2014-04-23	36.4	36.4	36.26	36.26	1319
2014-04-24	36.26	36.55	36.25	36.25	5888
2014-04-25	36.25	36.47	36.25	36.47	1503
2014-04-28	36.3	36.55	36.3	36.55	3237
2014-04-29	36.26	36.65	36.26	36.55	8047
2014-04-30	36.39	36.64	36.3	36.3	5286
2014-05-01	36.3	36.57	36.25	36.3	7156
2014-05-02	36.33	36.33	36.25	36.25	17310
2014-05-05	36.26	36.26	36	36.03	1556
2014-05-06	36.09	36.2	36	36.2	53211
2014-05-07	35.96	36.14	35.95	36.03	70806
2014-05-08	36	36.1	35.98	35.98	4044
2014-05-09	35.84	35.91	35.78	35.8	3945
2014-05-12	35.69	35.91	35.64	35.66	5100
2014-05-13	35.5	35.87	35.43	35.87	4321
2014-05-14	35.67	36.48	35.66	36.48	7835
2014-05-15	36.44	36.65	36.3	36.65	3117
2014-05-16	36.61	36.96	36.5	36.96	23973
2014-05-20	36.93	37.18	36.54	36.54	4481
2014-05-21	36.7	36.85	36.7	36.85	250
2014-05-22	36.69	36.85	36.59	36.63	1878
2014-05-23	36.79	37.28	36.79	37.01	3500
2014-05-26	36.79	37.28	36.79	37.01	157
2014-05-27	36.94	36.95	36.83	36.84	1141
2014-05-28	37	37	36.9	37	1938
2014-05-29	37.08	38	37.08	37.79	6245
2014-05-30	38.11	38.12	37.32	37.32	4111
2014-06-02	37.26	38	37.26	37.85	4712
2014-06-03	37.99	37.99	37.99	37.99	100
2014-06-04	37.85	37.97	37.85	37.97	1717
2014-06-05	38	38	37.99	38	1149
2014-06-06	37.67	37.99	37.67	37.99	751
2014-06-09	37.99	37.99	37.71	37.98	2756
2014-06-10	37.97	38.01	37.78	37.97	15160
2014-06-11	37.99	38	37.81	37.81	15000
2014-06-12	38.01	38.01	37.75	37.8	8102
2014-06-13	37.59	37.79	37.5	37.73	3418
2014-06-16	37.8	37.8	37.62	37.7	698
2014-06-17	37.76	38	37.76	38	1829
2014-06-18	37.8	38.04	37.8	38	6240
2014-06-19	38	38.1	37.99	38.1	4012
2014-06-20	37.83	38.66	37.83	38.56	10556
2014-06-23	38.59	39.75	38.59	39.58	4240
2014-06-24	39.21	39.65	39.21	39.6	5164
2014-06-25	39.36	39.46	39.36	39.46	621
2014-06-26	39.56	39.57	39.3	39.35	6400
2014-06-27	38.62	39.16	38.62	39.15	985
2014-06-30	39.11	39.2	38.81	39.2	1495
2014-07-02	38.94	39.4	38.94	39.12	5745
2014-07-03	39.08	39.08	38.95	39.01	7092
2014-07-04	39.2	39.2	38.91	38.99	1327
2014-07-07	38.83	38.84	38.65	38.75	2157
2014-07-08	38.49	38.68	38.49	38.68	2737
2014-07-09	38.56	38.56	38.49	38.5	1746
2014-07-10	38.74	38.74	38.26	38.48	3918
2014-07-11	38.88	38.88	38.59	38.59	434
2014-07-14	39.31	39.31	38.5	38.56	2303
2014-07-15	38.97	39	38.56	38.7	1542
2014-07-16	38.75	38.75	38.6	38.6	1276
2014-07-17	38.45	39	38.45	39	4227
2014-07-18	39	40.52	38.75	40.47	20099
2014-07-21	40.1	40.23	39.8	40.23	19870
2014-07-22	40.89	41	40.8	40.91	4800
2014-07-23	40.95	40.95	40.8	40.805	1730
2014-07-24	40.88	40.89	40	40.5	41315
2014-07-25	40.27	40.27	40	40	3106
2014-07-28	40.48	40.7	40.22	40.7	4718
2014-07-29	40.6	40.6	40	40	8606
2014-07-30	40.39	40.6	40.22	40.5	9252
2014-07-31	40.6	40.6	40.5	40.6	898
2014-08-01	40.6	40.6	40.5	40.5	10446
2014-08-05	40.49	40.99	40.49	40.99	1108
2014-08-06	40.99	41	40.66	40.88	12290
2014-08-07	40.9	41	40.9	41	1051
2014-08-08	41	41	40.95	41	10957
2014-08-11	40.98	41.75	40.98	41.75	15523
2014-08-12	41.9	43.38	41.9	43.06	4085
2014-08-13	43.16	43.2	42.64	42.75	4849
2014-08-14	42.88	42.92	42	42	3436
2014-08-15	42.59	43.05	42.59	42.79	2268
2014-08-18	42.86	42.86	41.66	42.07	3275
2014-08-19	42.01	42.03	41.595	41.77	4872
2014-08-20	42	42.2	41.99	42.2	1997
2014-08-21	42.21	42.28	41.8	42.26	2702
2014-08-22	42.06	42.34	42.06	42.3	905
2014-08-25	42.39	42.5	42.32	42.33	928
2014-08-26	42.48	42.5	42.48	42.5	609
2014-08-27	42.35	42.35	41.65	41.71	2128
2014-08-28	41.62	42.3	41.62	42.29	5914
2014-08-29	42.3	42.52	42.09	42.21	3970
2014-09-02	42.36	42.44	42.36	42.44	374
2014-09-03	42.6	42.6	42.5	42.5	225
2014-09-04	42.45	42.45	41.71	41.71	881
2014-09-05	41.73	41.94	41.45	41.45	2631
2014-09-08	41.5	41.5	40.98	40.98	4168
2014-09-09	40.65	40.65	40.01	40.23	2485
2014-09-10	40.3	40.52	40.25	40.42	2574
2014-09-11	40.84	41.38	40.84	40.85	883
2014-09-12	40.97	41.29	40.5	40.67	4051
2014-09-15	41.49	41.49	41.1	41.11	4024
2014-09-16	41.25	41.5	40.96	40.96	4200
2014-09-17	41.45	41.45	40.9	40.9	1031
2014-09-18	40.91	41.81	40.9	41	1830
2014-09-19	41	41.01	40.5	40.54	3911
2014-09-22	40.98	40.99	40.69	40.71	6110
2014-09-23	40.53	40.9	40.53	40.77	1593
2014-09-24	40.77	40.77	40.75	40.75	544
2014-09-25	40.9	41	40.78	40.85	2783
2014-09-26	40.76	40.76	40.65	40.65	1695
2014-09-29	40.79	40.8	40.4	40.53	1991
2014-09-30	40.34	41	40.34	40.7	3041
2014-10-01	40.65	40.94	40.65	40.65	4020
2014-10-02	40.5	40.5	40.4	40.4	574
2014-10-03	40.5	40.5	39.92	40.01	3665
2014-10-06	40.06	40.21	39.65	39.69	6195
2014-10-07	39.5	39.82	39.5	39.82	3543
2014-10-08	39.65	39.7	39.65	39.7	2483
2014-10-09	39.76	39.76	38.49	38.49	7873
2014-10-10	38.5	39.21	38.5	38.89	2727
2014-10-14	39.02	39.34	38.4	39.34	1779
2014-10-15	38.75	38.95	36.99	37.24	19669
2014-10-16	36.76	38.12	36.75	38.03	9313
2014-10-17	38.82	39.39	38.8	39.39	8396
2014-10-20	39.3	40.37	39.3	40.37	3708
2014-10-21	40.77	41.85	40.77	41.36	3408
2014-10-22	41.74	41.85	41.28	41.28	4155
2014-10-23	41.17	41.17	40.73	40.87	1061
2014-10-24	40.82	40.82	40.58	40.67	2025
2014-10-27	39.66	40	39.66	39.86	5106
2014-10-28	40.18	40.2	40.01	40.02	4975
2014-10-29	40.05	40.35	40.05	40.25	1566
2014-10-30	40.4	40.53	40.4	40.53	414
2014-10-31	40.7	41	40.47	40.79	8612
2014-11-03	40.79	40.79	40.45	40.45	1090
2014-11-04	40.36	40.42	40.2	40.25	1070
2014-11-05	39.86	40.2	39.86	40.2	370
2014-11-06	40	40.01	40	40.01	882
2014-11-07	40.37	40.38	40.08	40.28	987
2014-11-10	40.28	40.28	39.98	39.99	2771
2014-11-11	39.97	40.5	39.95	40.1	3044
2014-11-12	40.11	40.17	40.11	40.17	503
2014-11-13	40.37	41.26	40.25	40.48	4405
2014-11-14	40.65	40.79	40.65	40.75	2995
2014-11-17	40.85	40.85	40.85	40.85	536
2014-11-18	40.8	40.8	40.7	40.7	490
2014-11-19	40.65	40.65	40.5	40.5	2113
2014-11-20	40.69	40.69	40.01	40.01	2752
2014-11-21	40.03	40.2	40	40.15	2299
2014-11-24	40	40.15	40	40.15	617
2014-11-25	39.83	40.1	39.83	40.1	1538
2014-11-26	39.89	40.12	39.75	40.1	5640
2014-11-27	39.8	40.1	39.8	40	4251
2014-11-28	39.72	39.72	39.4	39.4	7787
2014-12-01	39.25	39.25	38.31	38.48	8128
2014-12-02	38.11	38.11	37.8	37.96	11245
2014-12-03	38.25	38.25	37.57	37.99	11238
2014-12-04	37.58	37.88	37.52	37.52	1288
2014-12-05	37.48	37.48	37.24	37.24	975
2014-12-08	37.05	37.05	34.8	34.84	16631
2014-12-09	33.81	34.54	32.92	34.41	50026
2014-12-10	34.51	35.85	34.51	35.6	15231
2014-12-11	35.51	35.85	35.24	35.29	13800
2014-12-12	35.35	35.35	34.22	34.3	14587
2014-12-15	33.88	33.88	32.77	33.69	10018
2014-12-16	33.64	35.09	33.64	35	4211
2014-12-17	34.74	35.59	34.67	35.59	1937
2014-12-18	35.8	36.02	35.07	35.8	6619
2014-12-19	36	36.15	35.8	36.12	15202
2014-12-22	36.24	37	36.24	36.68	2538
2014-12-23	36.99	36.99	36.03	36.43	1728
2014-12-24	35.78	36.75	35.78	36.75	5340
2014-12-29	36.48	37.67	36.48	37.22	5892
2014-12-30	37.4	37.4	37.32	37.32	1723
2014-12-31	37.5	37.9	37.5	37.89	3535
2015-01-02	37.9	37.98	37.7	37.7	2719
2015-01-05	37.99	37.99	37.33	37.33	2580
2015-01-06	37.12	37.87	37.12	37.2	4635
2015-01-07	37.69	37.89	36.72	36.72	1294
2015-01-08	36.79	36.79	36	36.21	3671
2015-01-09	36.45	36.45	36.25	36.3	961
2015-01-12	36.11	36.11	35.4	35.5	2926
2015-01-13	35.5	35.5	34	34.24	12622
2015-01-14	34.05	34.05	32.95	32.95	25995
2015-01-15	32.78	32.95	32.64	32.65	21891
2015-01-16	32.57	32.95	32.45	32.95	2775
2015-01-19	32.97	33.5	32.97	33.5	2231
2015-01-20	33.72	34	33.5	33.5	3567
2015-01-21	33.5	33.77	33	33.4	3584
2015-01-22	33.75	33.75	33.2	33.3	3858
2015-01-23	33.4	33.8	33.4	33.5	5977
2015-01-26	33.77	33.98	33.6	33.86	4379
2015-01-27	33.42	33.55	33.42	33.55	3256
2015-01-28	33.55	33.7	33.5	33.5	3051
2015-01-29	33.86	33.9	33.36	33.36	12176
2015-01-30	33.75	33.85	33.74	33.85	9220
2015-02-02	33.73	33.98	33.49	33.98	3390
2015-02-03	34.05	34.99	34.05	34.7	41845
2015-02-04	34.6	34.85	34.6	34.85	9297
2015-02-05	34.7	35.35	34.7	35.31	8666
2015-02-06	35.35	35.35	35.15	35.26	4887
2015-02-09	35.26	36.23	35.2	36.11	7503
2015-02-10	36.05	36.05	35.9	35.9	915
2015-02-11	35.72	35.72	35.5	35.5	4200
2015-02-12	35.24	35.55	35.16	35.25	21509
2015-02-13	35.77	38.2	35.77	37.49	14567
2015-02-17	37.6	37.72	37.55	37.65	5394
2015-02-18	37.65	37.8	37.35	37.35	6841
2015-02-19	37.45	37.65	37.4	37.41	4759
2015-02-20	37.45	37.45	36.8	36.8	7625
2015-02-23	37	37.49	36.76	37.47	64043
2015-02-24	37.49	37.62	37.47	37.62	4665
2015-02-25	37.41	37.5	37.07	37.48	3710
2015-02-26	37.36	38.11	37.26	38.11	8968
2015-02-27	38.45	38.67	38.4	38.67	5704
2015-03-02	38.49	38.58	37.8	38.2	72535
2015-03-03	38.28	38.4	37.31	37.35	6903
2015-03-04	37.2	37.2	36.76	37.1	4490
2015-03-05	36.9	37.02	36.75	36.77	3819
2015-03-06	37.45	37.47	36.82	36.83	3032
2015-03-09	37.08	37.08	36.8	36.8	1420
2015-03-10	36.57	36.99	36.02	36.38	162388
2015-03-11	36.57	36.99	36.02	36.38	36
2015-03-12	36.98	37.31	36.93	37.01	1744
2015-03-13	36.98	37.38	36.91	36.99	3361
2015-03-16	36.68	37.09	36.67	36.96	2896
2015-03-17	36.74	36.74	36.3	36.45	3474
2015-03-18	36.65	36.79	36.45	36.49	32589
2015-03-19	36.75	36.75	36.45	36.45	618
2015-03-20	36.6	36.6	36.5	36.5	1548
2015-03-23	36.5	36.5	36.31	36.43	1018
2015-03-24	36.28	36.5	36.28	36.5	845
2015-03-25	36.47	36.5	36.25	36.4	15812
2015-03-26	36.26	36.48	36.26	36.48	1300
2015-03-27	36.89	36.99	36.39	36.89	164676
2015-03-30	36.99	37.97	36.99	37.4	3559
2015-03-31	37.89	37.95	37.5	37.57	10757
2015-04-01	37.7	37.8	37.48	37.8	948
2015-04-02	37.45	37.45	36.99	36.99	3246
2015-04-06	36.81	37	36.74	36.74	54005
2015-04-07	36.62	37.37	36.62	37.22	29405
2015-04-08	36.93	36.93	36.63	36.9	5241
2015-04-09	36.8	37.15	36.65	36.97	3000
2015-04-10	36.97	37.18	36.97	37.1	860
2015-04-13	37	37	36.99	36.99	912
2015-04-14	37.15	37.15	36.8	37.14	4800
2015-04-15	37.15	37.35	37.11	37.22	1850
2015-04-16	37.2	37.2	36.67	36.74	2790
2015-04-17	36.93	36.93	36.37	36.37	2191
2015-04-20	36.63	36.78	36.5	36.5	1969
2015-04-21	36.96	37	36.76	36.84	3922
2015-04-22	36.8	37.07	36.75	36.75	29208
2015-04-23	36.99	36.99	36.74	36.74	809
2015-04-24	36.99	36.99	36.74	36.74	0
2015-04-27	36.75	36.75	36.08	36.08	2367
2015-04-28	36.5	36.93	36.36	36.85	5951
2015-04-29	36.77	36.8	36.77	36.8	2700
2015-04-30	36.85	37.29	36.75	37.19	55200
2015-05-01	37.35	37.39	36.87	36.87	622
2015-05-05	37.08	37.08	37.07	37.07	400
2015-05-06	37.39	37.39	37	37	829
2015-05-07	37	37	36.11	36.3	3200
2015-05-08	36.25	36.25	36.18	36.25	900
2015-05-11	36.97	36.97	36.12	36.16	1250
2015-05-12	36.18	36.65	36.18	36.65	780
2015-05-13	36.77	36.79	36.66	36.79	1263
2015-05-14	37	37.49	36.98	37.49	1500
2015-05-15	37.17	37.99	37.15	37.79	32213
2015-05-19	37.99	38.18	37.37	37.48	3600
2015-05-20	38.17	38.17	37.5	37.98	27400
2015-05-21	38.15	40	38.15	38.79	16435
2015-05-22	38.82	38.92	38.78	38.8	2774
2015-05-25	38.8	38.8	38.3	38.36	1308
2015-05-26	38.36	38.77	38.36	38.77	1007
2015-05-27	38.73	38.77	38.63	38.63	1385
2015-05-28	38.75	38.75	38.25	38.25	10902
2015-05-29	38.41	38.5	38.01	38.5	10487
2015-06-01	38.45	38.5	38.04	38.04	5455
2015-06-02	38.5	38.5	38.26	38.26	27594
2015-06-03	38.2	38.48	38.03	38.48	1509
2015-06-04	38.45	38.45	37.5	37.5	2466
2015-06-05	37.54	37.54	36.86	37	2032
2015-06-08	36.86	36.86	36.7	36.7	514
2015-06-09	36.69	36.69	36.59	36.59	690
2015-06-10	36.6	37	36.58	36.58	1608
2015-06-11	36.6	36.6	36.51	36.51	1760
2015-06-12	36.01	36.57	36.01	36.29	3208
2015-06-15	36.38	36.38	36.2	36.3	653
2015-06-16	36.3	36.4	36.3	36.35	1601
2015-06-17	36.4	36.45	36.4	36.45	1470
2015-06-18	36.63	36.8	36.25	36.4	3026
2015-06-19	36.7	36.95	36.45	36.45	4117
2015-06-22	36.27	37.29	36.27	37.03	65388
2015-06-23	36.69	37.35	36.69	37.3	4040
2015-06-24	37.45	37.81	37.45	37.59	3384
2015-06-25	37.72	37.72	37.5	37.5	810
2015-06-26	37.45	37.45	36.84	36.84	3965
2015-06-29	37.04	37.04	36	37	8465
2015-07-02	36.7	36.71	36.7	36.7	25701
2015-07-03	36.75	36.75	36.71	36.71	745
2015-07-06	36.7	36.7	36.12	36.12	205
2015-07-07	36.2	36.2	36.01	36.05	15630
2015-07-08	36.23	36.25	36.07	36.2	3141
2015-07-09	36.25	36.25	36	36	52200
2015-07-10	36	36	35.58	35.58	1769
2015-07-13	35.53	36	35.53	35.8	1936
2015-07-14	35.8	36	35.8	36	2235
2015-07-15	36	36	35.65	35.97	54578
2015-07-16	36.19	36.25	36.19	36.19	14055
2015-07-17	36.08	36.25	36.05	36.05	6965
2015-07-20	35.69	36	35.6	35.81	80966
2015-07-21	35.83	35.83	35.65	35.66	9564
2015-07-22	35.65	35.65	35.18	35.19	3484
2015-07-23	35.02	35.02	34.5	34.89	6636
2015-07-24	33.99	34.47	33.52	33.96	8427
2015-07-27	34.45	34.45	33.53	33.53	4232
2015-07-28	33.42	33.42	32.24	32.86	10145
2015-07-29	32.98	33	32.81	32.92	22544
2015-07-30	32.85	33.86	32.62	33.55	21844
2015-07-31	33.87	34.42	33.87	34.4	3438
2015-08-04	34.21	34.26	33.8	33.85	4614
2015-08-05	34	34	33.76	33.99	1941
2015-08-06	33.63	33.91	33	33.73	2910
2015-08-07	32.82	33.3	32.77	32.77	10447
2015-08-10	32.7	33.13	32.7	32.81	3380
2015-08-11	32.7	32.81	32.61	32.61	3628
2015-08-12	32.72	32.72	32.51	32.51	200
2015-08-13	32.77	32.78	32.76	32.76	524
2015-08-14	32.71	32.71	32.55	32.55	990
2015-08-17	32.76	32.76	32.4	32.5	2449
2015-08-18	32.61	33.03	32.61	32.67	11149
2015-08-19	32.65	33	32.65	32.9	4000
2015-08-20	32.9	33	32.9	32.95	3900
2015-08-21	32.56	32.72	32.53	32.6	5903
2015-08-24	30.31	32	30.01	31	34301
2015-08-25	30.94	31.88	30.9	31.055	4750
2015-08-26	31.94	32.03	31	31.15	29271
2015-08-27	31.86	31.88	31.61	31.63	2786
2015-08-28	31.93	31.99	31.36	31.99	1827
2015-08-31	31.32	33.55	31.32	33.55	8174
2015-09-01	33	33.49	33	33.49	2191
2015-09-02	33.44	33.44	32.45	32.45	741
2015-09-03	32.48	32.48	31.2	31.32	3091
2015-09-04	32.65	32.68	31.34	31.34	2252
2015-09-08	31.95	31.96	31.25	31.25	6960
2015-09-09	31.25	31.51	31.25	31.3	4293
2015-09-10	31.35	31.79	31.25	31.79	3717
2015-09-11	31.56	31.56	31.56	31.56	203
2015-09-14	31.74	31.74	31.25	31.25	7643
2015-09-15	32	32	31.2	31.65	2432
2015-09-16	30.75	31.39	30.75	31.39	9959
2015-09-17	31.3	31.35	31.25	31.35	5335
2015-09-18	31.33	31.81	30.75	30.9	18929
2015-09-21	31.51	31.51	31.25	31.25	4870
2015-09-22	30.3	31.43	30.3	31.43	6044
2015-09-23	31.25	32.79	31.25	31.26	1602
2015-09-24	31.25	31.39	31.24	31.27	1888
2015-09-25	31.15	31.71	31.15	31.4	865
2015-09-28	31.28	31.28	30.13	30.14	4510
2015-09-29	30.06	30.86	30.01	30.47	4079
2015-09-30	30.5	31.37	30.5	31.36	4413
2015-10-01	31.66	32	31.66	31.76	29795
2015-10-02	31.74	31.74	31.25	31.25	811
2015-10-05	31.25	31.71	30.91	31.5	7369
2015-10-06	31.51	31.51	30.55	30.75	4899
2015-10-07	31.52	31.96	31.5	31.83	3543
2015-10-08	32	32.66	31.83	31.85	44932
2015-10-09	32.44	33.55	31.99	33.55	16803
2015-10-13	33.73	33.9	33.65	33.65	11800
2015-10-14	33.52	33.52	32.02	32.69	8900
2015-10-15	32.97	32.97	31.96	32.19	8800
2015-10-16	32.29	32.5	32.19	32.5	1200
2015-10-19	32.36	32.5	32.24	32.24	1229
2015-10-20	32.79	32.79	32.41	32.41	278
2015-10-21	32.17	32.39	32.16	32.35	853
2015-10-22	32.21	32.62	32.2	32.35	1800
2015-10-23	32.25	32.5	32.25	32.35	3063
2015-10-26	32.3	32.64	32.3	32.63	1555
2015-10-27	32.73	32.75	32.18	32.18	3784
2015-10-28	32.2	32.36	32.2	32.26	1741
2015-10-29	32.49	32.96	32.18	32.19	4391
2015-10-30	32.2	32.99	32.2	32.51	5574
2015-11-02	32.49	32.5	32.49	32.5	978
2015-11-03	32.4	32.41	32.39	32.4	23899
2015-11-04	32.49	32.49	31.55	31.55	5300
2015-11-05	31.5	31.5	30.18	31	1970
2015-11-06	30.58	32.01	30.55	31.95	5875
2015-11-09	31.94	32	31.94	32	40750
2015-11-10	31.29	31.29	30.3	30.3	10750
2015-11-11	30.14	30.8	30.13	30.8	720
2015-11-12	30.5	30.5	30.49	30.49	693
2015-11-13	29.91	30.29	28.97	29.95	19274
2015-11-16	29.52	30.27	29.01	29.22	8110
2015-11-17	28.97	29.01	28.38	28.77	7119
2015-11-18	28.9	28.9	28.6	28.6	5828
2015-11-19	28.03	28.41	28.03	28.11	6045
2015-11-20	28.06	28.7	28.04	28.36	11130
2015-11-23	28.12	28.79	28.12	28.79	8464
2015-11-24	28.4	29.47	28.39	28.43	6175
2015-11-25	28.43	29.07	28.43	28.79	4932
2015-11-26	28.43	29.06	28.43	28.85	1833
2015-11-27	28.57	29.235	28.52	29	9005
2015-11-30	29.1	29.42	29	29.19	66016
2015-12-01	29.11	29.86	29.11	29.27	13580
2015-12-02	29.53	29.53	29	29	7468
2015-12-03	29	29	29	29	170
2015-12-04	29	29.01	28.97	29	2360
2015-12-07	29	29.25	28.62	28.62	41250
2015-12-08	29	29	28.07	28.07	9793
2015-12-09	28.11	28.96	28.06	28.36	9647
2015-12-10	28.89	30.98	28.43	30	40871
2015-12-11	29.98	31.95	29.98	31.01	7486
2015-12-14	31.09	31.09	29.57	30.21	41041
2015-12-15	30.97	31	30.02	30.54	3934
2015-12-16	30.45	30.53	30	30	4037
2015-12-17	30.37	30.49	30	30	4050
2015-12-18	30	30.8	30	30.14	6299
2015-12-21	30.24	30.25	30	30.24	10926
2015-12-22	30.25	30.5	30.19	30.19	5726
2015-12-23	29.8	30	29.79	30	6760
2015-12-24	30.82	30.82	30.09	30.09	406
2015-12-29	30.08	30.54	30.02	30.03	6163
2015-12-30	30.47	30.47	30.02	30.19	4800
2015-12-31	30.1	30.1	30.02	30.07	16559
2016-01-04	30.34	30.59	30.24	30.59	9852
2016-01-05	30.5	30.74	30.5	30.51	12916
2016-01-06	30.51	30.95	30.5	30.6	31179
2016-01-07	30.72	30.94	30.5	30.5	19953
2016-01-08	30.49	30.79	30.49	30.5	2084
2016-01-11	30.49	30.79	30.49	30.5	30
2016-01-12	30.06	30.06	28.86	28.98	9135
2016-01-13	28.99	29.28	28.02	28.02	13756
2016-01-14	28.01	28.4	28.01	28.02	6859
2016-01-15	27.8	27.95	27.65	27.85	9500
2016-01-18	27.62	27.62	27.61	27.61	1300
2016-01-19	28	28	27.96	27.96	1951
2016-01-20	27.75	27.96	27.66	27.96	13636
2016-01-21	27.63	28.8	27.63	27.86	2822
2016-01-22	28.11	28.32	28.11	28.31	665
2016-01-25	28.31	28.43	28.31	28.31	852
2016-01-26	29.14	29.14	28.91	28.91	700
2016-01-27	29.27	29.5	29.01	29.5	3834
2016-01-28	29	30.25	29	29.95	5779
2016-01-29	30.23	30.35	29.95	30.3	9549
2016-02-01	30.5	30.88	30.4	30.88	300
2016-02-02	30.99	30.99	30.75	30.88	2814
2016-02-03	31.05	31.05	30.99	30.99	1450
2016-02-04	31	31.21	30.99	31.19	1840
2016-02-05	31.125	31.125	30.99	31.09	1674
2016-02-08	30.06	30.11	30.05	30.11	610
2016-02-09	30.15	30.15	29.06	30.05	2330
2016-02-10	30.03	30.03	29.97	29.97	3347
2016-02-11	30.02	30.73	30.02	30.73	1162
2016-02-12	30.08	30.97	30.08	30.97	474
2016-02-16	30.97	31	30.02	30.02	1365
2016-02-17	30.33	30.9	30.02	30.1	8802
2016-02-18	30.12	30.77	30.04	30.77	4291
2016-02-19	30.77	31.69	30.77	31.25	12054
2016-02-22	31.5	31.75	31	31.25	5624
2016-02-23	31	31.2	30.98	31	3660
2016-02-24	30.75	30.75	30	30.5	15656
2016-02-25	30.74	30.75	30.49	30.5	1150
2016-02-26	31	31.75	31	31.5	6780
2016-02-29	31.6	32.02	31.51	32	960
2016-03-01	32.01	32.01	31.04	31.5	4719
2016-03-02	34	35.8	34	35.75	60322
2016-03-03	35.2	35.5	35.1	35.47	4264
2016-03-04	35.09	35.45	35.08	35.45	795
2016-03-07	35.51	35.74	35.5	35.74	855
2016-03-08	35.53	35.53	35.12	35.12	4902
2016-03-09	35.44	35.5	35.24	35.3	35530
2016-03-10	35.3	35.45	35.2	35.25	5325
2016-03-11	35.15	35.26	35.15	35.25	4127
2016-03-14	35.44	35.45	35.27	35.45	3572
2016-03-15	35.34	35.45	35.02	35.15	12733
2016-03-16	35.02	35.265	35.02	35.22	1539
2016-03-17	35.25	35.26	35.15	35.19	32013
2016-03-18	35.05	35.45	35.05	35.45	9891
2016-03-21	35.22	35.44	35.22	35.37	2206
2016-03-22	35.28	35.44	35.27	35.44	1852
2016-03-23	35.32	35.45	35.29	35.43	1739
2016-03-24	35.45	35.5	35.45	35.5	500
2016-03-28	35.55	35.55	35.33	35.45	1533
2016-03-29	35.35	35.35	35.3	35.3	907
2016-03-30	35.63	35.64	35.35	35.58	2200
2016-03-31	35.32	35.76	35.3	35.64	35732
2016-04-01	35.6	35.75	35.54	35.75	1384
2016-04-04	35.74	35.75	35.6	35.75	5718
2016-04-05	35.23	35.48	35.2	35.34	14522
2016-04-06	35.32	35.36	35.22	35.34	12576
2016-04-07	35.35	35.35	35.12	35.2	13725
2016-04-08	35.2	35.24	34.94	34.97	24287
2016-04-11	34.99	35.125	34.9	34.97	9743
2016-04-12	34.99	34.99	34.98	34.98	284
2016-04-13	34.99	35.09	34.94	35	38065
2016-04-14	35.01	35.34	34.99	35.34	8299
2016-04-15	35.44	35.45	35.37	35.37	1500
2016-04-18	35.2	35.4	35.2	35.25	19000
2016-04-19	35.35	35.5	35.35	35.5	1300
2016-04-20	35.38	37.27	35.37	37.27	3754
2016-04-21	37.96	37.98	36.69	36.69	1594
2016-04-22	36.07	36.37	36.05	36.36	700
2016-04-25	36.51	36.89	36.51	36.76	805
2016-04-26	36.21	36.52	36.21	36.38	689
2016-04-27	36.1	36.4	36.1	36.39	756
2016-04-28	36.26	36.99	36.1	36.13	5332
2016-04-29	36.14	36.59	36.14	36.59	972
2016-05-02	36.49	36.49	36.19	36.29	515
2016-05-03	36.29	36.29	35.45	36.29	9411
2016-05-04	36	36.6	36	36	3865
2016-05-05	36.01	36.31	36	36	2500
2016-05-06	36	36	35.52	35.54	3912
2016-05-09	35.68	36.22	35.68	35.71	654
2016-05-10	35.44	36	35.44	35.75	5051
2016-05-11	36	36	35.82	35.82	1029
2016-05-12	35.8	35.96	35.8	35.93	1980
2016-05-13	35.52	35.68	35.01	35.57	41850
2016-05-16	35.51	35.93	35.5	35.93	1061
2016-05-17	35.5	35.5	35.1	35.45	5236
2016-05-18	35.06	35.23	35.06	35.23	2469
2016-05-19	35.75	35.98	35.5	35.5	1203
2016-05-20	35.98	35.99	35.51	35.51	600
2016-05-24	35.51	35.95	35.51	35.51	5334
2016-05-25	35.5	35.92	35.5	35.92	448
2016-05-26	35.52	35.55	35.5	35.5	1468
2016-05-27	35.5	35.55	35.5	35.5	3100
2016-05-30	35.6	35.6	35.5	35.5	875
2016-05-31	35.5	35.7	35.5	35.51	1031
2016-06-01	35.81	35.81	35.77	35.77	334
2016-06-02	35.73	35.78	35.71	35.78	1611
2016-06-03	35.99	35.99	35.7	35.98	4898
2016-06-06	35.7	35.71	35.7	35.71	1803
2016-06-07	35.71	35.75	35.7	35.75	3577
2016-06-08	35.96	35.96	35.71	35.71	3307
2016-06-09	35.7	35.72	35.65	35.71	4786
2016-06-10	35.94	36.25	35.94	36.25	4086
2016-06-13	35.96	35.96	35.66	35.66	2846
2016-06-14	35.66	35.74	35.5	35.59	2597
2016-06-15	35.56	35.99	35.56	35.75	1680
2016-06-16	35.75	35.75	35.61	35.61	899
2016-06-17	35.75	35.9	35.26	35.27	3546
2016-06-20	35.35	35.74	35.35	35.68	2114
2016-06-21	35.68	35.87	35.68	35.7	1236
2016-06-22	35.7	35.81	35.6	35.75	3371
2016-06-23	35.7	35.84	35.5	35.5	4206
2016-06-24	35.09	35.71	35.09	35.67	2639
2016-06-27	35.64	35.64	35.4	35.4	3112
2016-06-28	35.6	35.75	35.45	35.66	3844
2016-06-29	35.7	35.7	35.5	35.7	6481
2016-06-30	35.7	35.7	35.6	35.65	8534
2016-07-04	35.6	35.65	35.51	35.51	2846
2016-07-05	35.6	35.6	35.47	35.6	2935
2016-07-06	35.6	35.68	35.38	35.38	2972
2016-07-07	35.59	35.6	35.59	35.6	574
2016-07-08	35.6	35.7	35.51	35.6	3438
2016-07-11	35.6	35.69	35.41	35.68	4023
2016-07-12	35.66	35.66	35.53	35.53	12158
2016-07-13	35.6	35.6	35.54	35.58	5151
2016-07-14	35.51	35.55	35.5	35.55	7292
2016-07-15	35.32	35.32	35.3	35.3	384
2016-07-18	35.34	35.35	35.21	35.35	900
2016-07-19	35.21	35.32	35.21	35.25	1850
2016-07-20	35.1	35.1	35.02	35.02	552
